chr10:121013459:121013330|121013334:-@chr10:121008899:121009080:-	-0.08	10.94	125	12	163	1
chr10:7358023:7357807|7357854:-@chr10:7350034:7350774:-	-0.19	7.10	179	169	268	141
chr10:12684065:12683806|12683921:-@chr10:12659787:12661787:-	-0.30	298.52	430	718	936	552
chr3:88229061:88228650|88228696:-@chr3:88224423:88225060:-	-0.32	9.52	92	97	198	31
chr3:94837948:94837831|94837840:-@chr3:94837555:94837686:-	-0.21	7.31	35	35	59	24
chr3:104667424:104668226|104668492:+@chr3:104670942:104671024:+	-0.26	7.41	202	128	315	59
chr4:15932695:15932504|15932533:-@chr4:15929077:15929168:-	-0.42	52.19	6	7	21	2
chr4:155317940:155318122|155318259:+@chr4:155320364:155320526:+	-0.29	10.82	25	28	73	22
chr4:137777441:137777633|137777638:+@chr4:137778004:137778103:+	-0.08	113.95	302	42	334	14
chr4:26274038:26273744|26273922:-@chr4:26267564:26268145:-	-0.38	31.62	100	103	209	14
chr11:98672212:98672249|98672280:+@chr11:98682745:98682897:+	-0.37	8.95	0	12	3	4
chr11:114987766:114987418|114987425:-@chr11:114981578:114981732:-	-0.50	212.55	65	154	205	36
chr11:100754600:100754388|100754391:-@chr11:100751200:100751242:-	-0.16	27.16	153	45	209	3
chr11:106916632:106915770|106916169:-@chr11:106914537:106914619:-	-0.21	404506458227.12	153	309	396	318
chr5:109058829:109058919|109059062:+@chr5:109067256:109067509:+	-0.45	5.78	9	22	14	5
chr5:130221559:130221785|130221816:+@chr5:130222602:130222741:+	-0.41	8.08	2	30	41	27
chr5:53056633:53056401|53056475:-@chr5:53055407:53055560:-	-0.34	5.09	1	15	6	6
chr5:141188459:141188831|141188855:+@chr5:141189007:141189126:+	-0.53	5.37	10	34	28	0
chr5:109109880:109110096|109110223:+@chr5:109110399:109110611:+	-0.44	10.78	9	8	14	4
chr5:107124718:107124156|107124662:-@chr5:107119690:107119896:-	-0.18	7.41	249	12	296	1
chr6:134847231:134846876|134847180:-@chr6:134837648:134837803:-	-0.44	18.92	13	4	14	0
chr6:97155341:97155097|97155300:-@chr6:97153468:97153588:-	-0.38	5.42	6	5	39	3
chr6:39548265:39548360|39548364:+@chr6:39549391:39549470:+	-0.55	5.54	0	2	4	0
chr6:124974051:124974288|124974570:+@chr6:124974764:124975100:+	-0.28	6.28	101	72	168	64
chr12:77673382:77673645|77673732:+@chr12:77674234:77674347:+	-0.70	1000000000000.00	2	27	12	2
chr13:35086013:35085699|35085883:-@chr13:35084937:35085099:-	-0.29	5.54	46	23	40	5
chr16:35943455:35943488|35943596:+@chr16:35947587:35948440:+	-0.50	544.66	70	163	211	38
chr16:3895514:3895800|3895967:+@chr16:3897251:3897380:+	-0.41	20.46	0	18	23	23
chr2:25315877:25315295|25315529:-@chr2:25310661:25311168:-	-0.43	11.51	46	71	111	30
chr2:153014690:153014785|153014813:+@chr2:153016567:153016685:+	-0.27	13.16	32	10	47	0
chr2:130880097:130879942|130880008:-@chr2:130879421:130879529:-	-0.61	16.92	0	5	2	0
chr2:92218750:92218830|92218872:+@chr2:92218953:92219105:+	-0.37	12.51	0	12	9	10
chr2:153246545:153246268|153246286:-@chr2:153243696:153243881:-	-0.57	15.78	0	11	7	0
chr2:165633429:165633019|165633175:-@chr2:165630687:165630877:-	-0.28	4205.99	16	85	77	81
chr2:120247761:120247940|120248485:+@chr2:120249435:120249480:+	-0.50	51.80	24	15	10	0
chr2:29748964:29749032|29749089:+@chr2:29756597:29756767:+	-0.22	12.26	65	41	108	37
chr2:93850909:93850420|93850840:-@chr2:93848581:93848749:-	-0.32	93.94	31	26	37	7
chr2:120548494:120548346|120548393:-@chr2:120546618:120546725:-	-0.42	23.14	8	5	16	0
chr2:130880097:130879654|130880008:-@chr2:130879421:130879529:-	-0.55	7.93	2	5	4	0
chr7:52409684:52409790|52409910:+@chr7:52411676:52411769:+	-0.40	7.28	16	10	18	2
chr7:4980593:4982881|4983809:+@chr7:4984365:4984825:+	-0.27	1142.70	189	308	469	241
chr7:13565234:13565328|13566342:+@chr7:13567195:13567276:+	-0.52	8.94	10	9	5	0
chr7:4007555:4007399|4007520:-@chr7:3980309:3980638:-	-0.31	373.55	3	80	37	43
chr8:107726352:107726447|107726478:+@chr8:107739804:107741888:+	-0.30	93.34	567	1047	931	568
chr17:25922531:25922368|25922373:-@chr17:25921606:25921670:-	-0.56	21.67	0	2	6	0
chr17:15117222:15117361|15117474:+@chr17:15118540:15118641:+	-0.34	218636.29	77	56	79	13
chr17:75014560:75014670|75014697:+@chr17:75017776:75017903:+	-0.25	10.48	36	49	39	19
chr17:33960275:33960138|33960142:-@chr17:33959982:33960061:-	-0.14	9.96	37	115	82	130
chr19:46131322:46131349|46131650:+@chr19:46135893:46136066:+	-0.44	10.50	1	10	17	6
chr19:6255101:6255265|6255271:+@chr19:6255409:6255538:+	-0.31	9.44	4	33	19	27
chr19:38131900:38131970|38132032:+@chr19:38132279:38132473:+	-0.31	8.47	31	24	64	6
chr19:45646375:45646488|45646499:+@chr19:45646895:45647028:+	-0.36	7.51	8	6	16	0
chr1:157888020:157888132|157888264:+@chr1:157898424:157900866:+	-0.32	16.74	450	525	861	158
chr1:158603777:158603370|158603661:-@chr1:158599502:158599767:-	-0.26	23.30	87	35	114	18
chr1:93285041:93284922|93284932:-@chr1:93283792:93283918:-	-0.33	20.76	10	6	26	1
chr1:173210653:173210490|173210519:-@chr1:173210271:173210386:-	-0.32	197.69	4	24	19	18
chr9:57758793:57758814|57758866:+@chr9:57760445:57760657:+	-0.34	5.43	23	14	39	8
chr9:50578215:50578418|50578895:+@chr9:50579536:50580775:+	-0.35	21.85	86	57	109	22
chr9:21043776:21043352|21043520:-@chr9:21041515:21042200:-	-0.17	8.50	7	130	45	185
chrX:47934126:47933758|47933990:-@chrX:47931048:47931201:-	-0.39	9.85	11	4	20	0
chrX:35542970:35543085|35543259:+@chrX:35545392:35550223:+	-0.31	32.81	387	526	771	232
chr15:96246378:96246160|96246208:-@chr15:96245463:96245582:-	-0.17	78.98	112	125	131	75
chr15:79362344:79362102|79362108:-@chr15:79358126:79360947:-	-0.11	8.53	851	2115	1163	2226
chr15:80454153:80454244|80454478:+@chr15:80464766:80464857:+	-0.37	6.30	3	5	21	3
chr18:61739993:61740105|61740141:+@chr18:61747080:61747953:+	-0.24	10039.81	663	568	885	309
chr18:80832815:80832141|80832430:-@chr18:80802944:80804764:-	-0.21	8.52	211	363	302	222
