chr10:79862295:79861867|79861963:-@chr10:79858181:79858340:-	0.32	43.32	28	18	6	41
chr10:80329245:80329405|80329460:+@chr10:80330145:80331453:+	0.31	150.12	121	198	46	460
chr3:151889044:151889172|151889181:+@chr3:151891135:151891209:+	0.31	7.78	19	1	23	15
chr4:41516560:41516210|41516243:-@chr4:41471399:41471447:-	0.36	7.13	46	1	18	20
chr4:147526034:147525197|147525939:-@chr4:147523488:147523775:-	0.49	7.75	28	2	30	17
chr4:147992900:147992774|147992783:-@chr4:147986491:147991814:-	0.44	93.30	1334	1186	151	2389
chr11:116701859:116701152|116701724:-@chr11:116700304:116700442:-	0.33	27.37	74	9	27	14
chr11:57327790:57327576|57327597:-@chr11:57327138:57327237:-	0.58	32.90	5	6	2	26
chr11:61307768:61307008|61307149:-@chr11:61306406:61306571:-	0.20	9.18	36	95	27	135
chr11:61307456:61307008|61307149:-@chr11:61306406:61306571:-	0.17	7.09	30	68	17	98
chr11:116395284:116395487|116395632:+@chr11:116396163:116396315:+	0.32	7.51	29	8	17	24
chr11:61307768:61307026|61307149:-@chr11:61306406:61306571:-	0.21	14.30	61	69	16	145
chr5:138670763:138671170|138671771:+@chr5:138680465:138681207:+	0.53	96.23	10	4	0	17
chr5:73697817:73697992|73698037:+@chr5:73704682:73705316:+	0.33	8.66	171	158	58	374
chr5:125509168:125508982|125508991:-@chr5:125507172:125507587:-	0.23	14.43	119	133	76	251
chr5:65702402:65702280|65702377:-@chr5:65694215:65694447:-	0.17	19.12	143	0	165	32
chr6:124981689:124981871|124982630:+@chr6:124983258:124983336:+	0.22	20.90	98	19	88	43
chr6:113652095:113652532|113652715:+@chr6:113654028:113654900:+	0.11	8.50	1180	83	1362	276
chr6:30458512:30456786|30458454:-@chr6:30455733:30455974:-	0.39	79.37	164	5	161	19
chr12:32179614:32179447|32179456:-@chr12:32176944:32177041:-	0.46	5.48	5	4	9	9
chr12:72932065:72932183|72932318:+@chr12:72996714:72996933:+	0.23	28.39	94	9	108	39
chr12:82633864:82633352|82633703:-@chr12:82611816:82611952:-	0.50	46.80	21	1	27	21
chr13:35086013:35085699|35085883:-@chr13:35084937:35085197:-	0.36	11.70	47	3	37	23
chr13:38283230:38283727|38285524:+@chr13:38286565:38290446:+	0.50	6.90	36	1	4	24
chr14:52508822:52508892|52509072:+@chr14:52509203:52509310:+	0.54	6.65	25	0	5	3
chr16:43881326:43880942|43881106:-@chr16:43880412:43880467:-	0.49	11.42	7	2	3	13
chr16:43881326:43880942|43881081:-@chr16:43880412:43880467:-	0.48	5.49	8	1	2	12
chr2:130102768:130102868|130103050:+@chr2:130103212:130103360:+	0.19	3810.37	135	58	94	98
chr2:155652172:155651861|155652063:-@chr2:155648928:155649104:-	0.39	5.83	12	15	10	20
chr2:11699134:11698696|11699031:-@chr2:11691403:11691558:-	0.25	6.59	12	5	3	34
chr2:144096771:144096808|144097079:+@chr2:144097651:144098220:+	0.52	732.43	44	6	17	77
chr2:11705268:11705376|11705383:+@chr2:11705918:11706079:+	0.26	12.94	11	21	0	20
chr2:167454788:167454569|167454670:-@chr2:167443329:167443477:-	0.36	32.29	22	9	14	30
chr2:152680657:152680738|152680751:+@chr2:152692920:152693093:+	0.18	9.49	58	78	37	102
chr2:69044247:69043887|69044121:-@chr2:69043083:69043235:-	0.52	417396357.84	38	3	43	51
chr7:133612155:133611934|133611987:-@chr7:133610508:133611287:-	0.53	35.85	238	34	104	254
chr7:52253018:52253278|52253436:+@chr7:52254075:52254247:+	0.27	6773.11	43	48	18	90
chr7:133612155:133611934|133611987:-@chr7:133611464:133611563:-	0.42	1000000000000.00	42	23	12	49
chr7:133296793:133294738|133296340:-@chr7:133293018:133293051:-	0.19	11.44	552	71	533	147
chr8:74128827:74128934|74129617:+@chr8:74130560:74130643:+	0.17	13.61	645	34	674	72
chr8:108000036:107999924|107999939:-@chr8:107997384:107997466:-	0.52	7.26	2	0	0	3
chr17:33665625:33665773|33665971:+@chr17:33667078:33667234:+	0.22	5.53	45	0	45	8
chr17:45573032:45573173|45574138:+@chr17:45576080:45578512:+	0.44	12699063.95	128	8	103	70
chr17:34973964:34974161|34974186:+@chr17:34974338:34974699:+	0.62	634893.51	78	1	18	94
chr17:15538709:15540093|15541361:+@chr17:15542719:15542899:+	0.37	1000000000000.00	404	98	253	363
chr19:6365664:6365792|6365955:+@chr19:6368364:6368439:+	0.15	9.61	130	58	90	82
chr19:5720407:5719948|5720185:-@chr19:5717039:5717196:-	0.17	16.75	233	83	247	173
chr1:34499755:34499838|34499949:+@chr1:34500223:34500332:+	0.37	91.30	15	6	2	13
chr1:172257828:172254042|172257649:-@chr1:172250553:172250718:-	0.21	53.09	120	14	137	60
chr9:4308919:4308694|4308734:-@chr9:4302470:4302631:-	0.59	22.56	26	4	7	31
chr9:21889871:21889793|21889801:-@chr9:21888467:21888652:-	0.45	6.09	14	5	0	7
chr9:61257743:61257927|61257942:+@chr9:61259070:61259146:+	0.24	19.23	55	11	66	38
chr9:83004713:83004439|83004641:-@chr9:83003549:83004036:-	0.50	6.48	19	6	8	32
chr9:83004713:83004439|83004600:-@chr9:83003549:83004036:-	0.49	10.08	20	4	10	29
