chr10:126913576:126913754:+@chr10:126918749:126918850:+@chr10:126921032:126921274:+	-0.35	146.42	34	84	91	56
chr10:127936303:127936582:+@chr10:127938691:127938745:+@chr10:127939465:127941298:+	-0.42	36.96	55	38	107	9
chr10:92747514:92747722:-@chr10:92728082:92728425:-@chr10:92717434:92717556:-	-0.37	106.43	63	38	115	18
chr10:26064418:26064529:-@chr10:26063983:26064057:-@chr10:26062314:26062473:-	-0.33	14.40	25	15	59	1
chr10:107689813:107689980:+@chr10:107690381:107690551:+@chr10:107696812:107696902:+	-0.13	8.52	73	115	133	112
chr10:52078579:52078743:-@chr10:52077148:52077171:-@chr10:52074378:52074553:-	-0.33	22.30	3	26	11	11
chr14:27237599:27237733:-@chr14:27235689:27235778:-@chr14:27232661:27234474:-	-0.24	5.08	384	478	559	334
chr14:21864710:21864985:-@chr14:21863875:21864046:-@chr14:21860175:21860312:-	-0.18	8.22	126	29	134	4
chr14:99498665:99498989:-@chr14:99498338:99498405:-@chr14:99497902:99498059:-	-0.13	35.08	1	70	21	88
chr14:105539533:105539664:-@chr14:105538308:105538379:-@chr14:105531099:105531224:-	-0.23	8.81	32	39	57	27
chr14:19109210:19109320:+@chr14:19110358:19110615:+@chr14:19110818:19111059:+	-0.56	76.28	12	12	37	2
chr14:78977256:78977364:-@chr14:78975694:78975824:-@chr14:78969416:78969964:-	-0.27	11.17	6	43	34	53
chr14:31920295:31920496:+@chr14:31927035:31927190:+@chr14:31930199:31930269:+	-0.33	9.12	90	29	123	4
chr14:31783349:31783750:+@chr14:31787401:31787544:+@chr14:31788409:31788558:+	-0.52	39.71	18	56	52	10
chr11:106857823:106857960:-@chr11:106853917:106854005:-@chr11:106853172:106853440:-	-0.14	36.40	194	27	319	5
chr11:104239999:104240140:-@chr11:104229994:104230092:-@chr11:104218795:104218910:-	-0.22	39.67	83	41	96	18
chr11:80068162:80068364:+@chr11:80071016:80071138:+@chr11:80079244:80081409:+	-0.29	100.80	12	240	104	197
chr11:43518036:43518979:+@chr11:43530532:43530651:+@chr11:43533723:43536135:+	-0.16	6.29	41	505	186	475
chr11:114987425:114987766:-@chr11:114985562:114985670:-@chr11:114981578:114981732:-	-0.20	19.22	219	71	324	8
chr11:101845926:101846105:-@chr11:101842931:101843157:-@chr11:101832457:101836253:-	-0.27	28.50	313	157	413	12
chr11:80069364:80069459:+@chr11:80071016:80071138:+@chr11:80079244:80081409:+	-0.46	9.91	58	164	164	86
chr11:115761453:115761656:+@chr11:115764301:115764457:+@chr11:115766469:115766616:+	-0.26	58.68	13	57	32	25
chr11:75163171:75163316:+@chr11:75195752:75195896:+@chr11:75200913:75201002:+	-0.50	11.25	2	2	17	0
chr11:82684510:82684712:-@chr11:82659254:82659397:-@chr11:82631918:82632105:-	-0.20	7.88	23	49	40	46
chr11:79869954:79870086:-@chr11:79862094:79862206:-@chr11:79860001:79861239:-	-0.11	15.50	574	99	723	20
chr11:46250449:46250511:+@chr11:46253308:46253477:+@chr11:46254065:46256223:+	-0.33	13.32	442	277	601	27
chr11:116704829:116705088:+@chr11:116707133:116707259:+@chr11:116709568:116709672:+	-0.38	13.69	3	34	10	8
chr11:49909278:49909482:+@chr11:49912748:49912841:+@chr11:49918051:49918235:+	-0.08	5.94	439	62	477	24
chr11:72802472:72802589:+@chr11:72802977:72803049:+@chr11:72805191:72806545:+	-0.17	14432234597.78	2332	1199	3037	536
chr11:98661314:98661696:+@chr11:98663582:98663629:+@chr11:98664096:98664160:+	-0.19	7.59	453	37	612	17
chr11:72802472:72802589:+@chr11:72802977:72803062:+@chr11:72805191:72806545:+	-0.28	1000000000000.00	1541	1843	2415	950
chr11:69162423:69162558:-@chr11:69162212:69162313:-@chr11:69161895:69162023:-	-0.35	8.27	13	9	52	7
chr11:32542875:32542935:+@chr11:32580201:32580302:+@chr11:32611772:32611997:+	-0.12	6.79	0	73	22	107
chr11:109295204:109295367:+@chr11:109295894:109296070:+@chr11:109297877:109299462:+	-0.15	15.37	112	25	158	0
chr11:116704829:116705088:+@chr11:116707077:116707259:+@chr11:116709568:116709672:+	-0.43	775.77	4	35	13	9
chr15:103045699:103045783:-@chr15:103045453:103045552:-@chr15:103043503:103043685:-	-0.35	8.35	15	14	41	7
chr15:36723900:36724293:-@chr15:36723234:36723430:-@chr15:36720439:36720743:-	-0.12	26146039.29	1865	296	2331	125
chr15:74785481:74785765:+@chr15:74785913:74786147:+@chr15:74788207:74788307:+	-0.27	432.08	83	17	110	0
chr15:76180911:76181540:-@chr15:76180485:76180659:-@chr15:76178731:76178865:-	-0.17	29.59	272	52	349	6
chr15:83425379:83425587:-@chr15:83421809:83421978:-@chr15:83418933:83419131:-	-0.19	28.52	94	10	146	0
chr15:39775150:39775303:-@chr15:39736085:39736141:-@chr15:39716552:39716687:-	-0.51	5.12	1	2	10	0
chr15:83195459:83195940:-@chr15:83194250:83194358:-@chr15:83184277:83189380:-	-0.57	9.47	31	124	159	14
chr15:89129914:89130051:-@chr15:89126383:89126460:-@chr15:89125826:89126007:-	-0.18	12.78	82	34	156	34
chr15:74785481:74785765:+@chr15:74785997:74786147:+@chr15:74788207:74788307:+	-0.22	75.58	84	16	106	1
chr16:11104659:11104752:-@chr16:11093909:11094021:-@chr16:11091679:11091879:-	-0.28	4211661.93	184	84	167	21
chr16:35941119:35941221:+@chr16:35943455:35943596:+@chr16:35947587:35948440:+	-0.52	61.04	73	157	243	16
chr16:43569794:43569894:+@chr16:43571847:43571904:+@chr16:43577674:43577861:+	-0.68	1000000000000.00	1	14	17	3
chr16:84835666:84835819:-@chr16:84835054:84835228:-@chr16:84831574:84831752:-	-0.26	9.47	154	19	235	3
chr16:91712440:91712512:-@chr16:91707470:91707538:-@chr16:91701317:91701450:-	-0.39	6.92	6	2	25	0
chr16:43503727:43503866:+@chr16:43508272:43508435:+@chr16:43569794:43569894:+	-0.59	19.48	0	4	4	0
chr17:56714326:56714375:-@chr17:56713625:56713725:-@chr17:56710823:56710972:-	-0.24	6.71	66	12	85	2
chr17:26380951:26381086:-@chr17:26362857:26362968:-@chr17:26357226:26357525:-	-0.59	2799862620.17	17	26	37	6
chr17:15153153:15153250:+@chr17:15154105:15154241:+@chr17:15155049:15155163:+	-0.26	50.82	71	10	62	0
chr17:34961696:34961793:-@chr17:34961459:34961606:-@chr17:34960938:34961269:-	-0.43	239.03	41	25	70	1
chr17:30272268:30272450:+@chr17:30290248:30290313:+@chr17:30329508:30329675:+	-0.08	7.39	278	29	284	10
chr17:85489446:85489607:-@chr17:85487680:85488215:-@chr17:85482533:85482655:-	-0.24	6.50	78	6	93	0
chr17:48371903:48372007:+@chr17:48376162:48376518:+@chr17:48380650:48380833:+	-0.08	5.49	1425	128	1678	100
chr17:34136679:34136948:-@chr17:34136216:34136491:-@chr17:34134230:34134505:-	-0.89	1000000000000.00	19	130	2300	5
chr17:56465473:56465652:+@chr17:56483757:56483865:+@chr17:56491056:56491220:+	-0.20	206.23	13	63	50	66
chr17:85489446:85489607:-@chr17:85487680:85487779:-@chr17:85482533:85482655:-	-0.45	4411.00	8	7	16	0
chr17:23940154:23940365:+@chr17:23943899:23944169:+@chr17:23945033:23945140:+	-0.06	8.38	547	14	823	3
chr17:32524518:32524762:-@chr17:32518029:32518101:-@chr17:32504769:32505092:-	-0.46	11.74	7	17	6	5
chr17:35579212:35579496:+@chr17:35579623:35579739:+@chr17:35579912:35579944:+	-0.39	1000000000000.00	18	185	159	90
chr17:25922373:25922512:-@chr17:25921949:25922139:-@chr17:25921606:25921670:-	-0.50	5.70	3	2	34	0
chr19:40588161:40588302:-@chr19:40575939:40576075:-@chr19:40525804:40525888:-	-0.56	5.45	0	2	2	0
chr19:6067669:6067850:-@chr19:6067123:6067319:-@chr19:6066968:6067022:-	-0.53	10.59	1	3	16	0
chr19:57731545:57731728:+@chr19:57747609:57747763:+@chr19:57756861:57756945:+	-0.30	22.76	59	14	70	2
chr19:40424389:40424503:-@chr19:40418846:40418929:-@chr19:40411476:40411525:-	-0.59	6.15	0	4	3	0
chr1:157887991:157888132:+@chr1:157888205:157888264:+@chr1:157898424:157900866:+	-0.34	35.01	510	458	866	146
chr1:89670720:89670806:+@chr1:89671388:89671444:+@chr1:89672332:89672434:+	-0.42	25.88	11	8	27	2
chr1:92100555:92100662:+@chr1:92106163:92106445:+@chr1:92110370:92112297:+	-0.51	601.47	13	80	54	14
chr1:15803122:15803243:+@chr1:15805967:15806053:+@chr1:15809015:15809164:+	-0.18	14.25	74	10	80	0
chr1:154615991:154616063:+@chr1:154618494:154618670:+@chr1:154621390:154622710:+	-0.04	5.02	3941	228	4237	22
chr1:89110489:89110594:+@chr1:89110921:89111070:+@chr1:89116156:89116270:+	-0.23	7.36	75	13	132	5
chr1:173219649:173219725:-@chr1:173219302:173219392:-@chr1:173218695:173219102:-	-0.42	5390.01	92	146	373	15
chr1:85198715:85198883:+@chr1:85204579:85204772:+@chr1:85209202:85210337:+	-0.31	9.29	40	16	75	3
chr1:153347849:153347953:-@chr1:153334402:153334585:-@chr1:153325667:153325755:-	-0.14	5.12	0	21	7	10
chr1:36373054:36373172:+@chr1:36374455:36374507:+@chr1:36374929:36375026:+	-0.57	1013.66	3	6	21	1
chr1:66747458:66747591:+@chr1:66748191:66748222:+@chr1:66753020:66753099:+	-0.46	5.72	1	4	7	1
chr1:192735435:192735649:-@chr1:192728962:192728997:-@chr1:192723330:192723450:-	-0.40	6.87	5	7	43	8
chr1:64605077:64605223:+@chr1:64606301:64606342:+@chr1:64612791:64612891:+	-0.38	860.77	4	22	24	16
chr1:78654400:78654678:+@chr1:78659716:78659855:+@chr1:78678168:78678585:+	-0.39	8.96	13	33	38	24
chr2:29029077:29029241:+@chr2:29029839:29030003:+@chr2:29032397:29032495:+	-0.12	2312.24	0	71	13	41
chr2:32593039:32593078:+@chr2:32596730:32597187:+@chr2:32600271:32600399:+	-0.67	8946070.39	60	16	78	0
chr2:30269788:30269880:-@chr2:30269380:30269516:-@chr2:30268503:30268766:-	-0.44	7.98	9	32	39	29
chr2:167457440:167457505:-@chr2:167454670:167454788:-@chr2:167443329:167443477:-	-0.12	48285.83	9	91	33	62
chr2:121054324:121054443:-@chr2:121053758:121053898:-@chr2:121053381:121053584:-	-0.48	5.01	0	15	9	5
chr2:73684254:73684432:-@chr2:73683492:73683610:-@chr2:73680417:73680503:-	-0.24	7.65	105	12	118	2
chr2:181070598:181070751:+@chr2:181072940:181073059:+@chr2:181073761:181073799:+	-0.39	28.66	0	9	12	5
chr2:93850840:93850887:-@chr2:93850420:93850565:-@chr2:93848581:93848749:-	-0.49	866.50	18	24	24	3
chr2:164860183:164860279:-@chr2:164848646:164848712:-@chr2:164838336:164838662:-	-0.26	15.78	89	35	116	8
chr2:70819912:70820252:-@chr2:70818434:70818483:-@chr2:70814131:70814194:-	-0.63	5.50	12	15	28	4
chr2:23398717:23398844:-@chr2:23397039:23397135:-@chr2:23392981:23393158:-	-0.48	1089.75	16	19	25	3
chr2:35996966:35997177:+@chr2:36002873:36002969:+@chr2:36003423:36003578:+	-0.33	6.13	6	21	16	9
chr2:154963932:154964008:+@chr2:154983510:154983711:+@chr2:154989129:154989219:+	-0.35	6.02	12	8	25	3
chr2:26244669:26244836:-@chr2:26244012:26244080:-@chr2:26243076:26243191:-	-0.28	11175.11	27	68	87	58
chr2:79501011:79501161:+@chr2:79501796:79501861:+@chr2:79502466:79502921:+	-0.30	40.93	133	79	215	10
chr2:74367688:74367858:-@chr2:74366149:74366231:-@chr2:74352894:74360354:-	-0.20	45.60	319	669	449	370
chr2:118226271:118226383:+@chr2:118226762:118227076:+@chr2:118230783:118230885:+	-0.45	15.59	25	7	30	0
chr2:11403498:11403562:-@chr2:11402874:11402960:-@chr2:11401825:11401998:-	-0.30	22.85	6	30	34	25
chr2:90608673:90608857:+@chr2:90614907:90615005:+@chr2:90616062:90616378:+	-0.12	19.20	29	277	104	346
chr2:10301812:10301862:+@chr2:10302650:10302693:+@chr2:10314892:10315033:+	-0.49	5.21	0	1	5	0
chr18:64648555:64648720:-@chr18:64642988:64643111:-@chr18:64638305:64638424:-	-0.13	56.62	238	37	310	17
chr18:6061845:6061970:-@chr18:6057515:6057589:-@chr18:6052860:6052921:-	-0.65	73.40	2	4	12	0
chr3:145600996:145601292:+@chr3:145601507:145601633:+@chr3:145601862:145602060:+	-0.26	13.44	71	44	142	24
chr3:159183794:159183934:+@chr3:159185490:159186320:+@chr3:159186741:159186913:+	-0.18	5.96	247	43	297	25
chr3:30510363:30510541:+@chr3:30511391:30511474:+@chr3:30512474:30512560:+	-0.34	121.14	56	21	66	2
chr3:51070675:51070788:-@chr3:51069735:51069967:-@chr3:51068791:51068928:-	-0.11	8.99	24	73	61	71
chr3:68734744:68734907:-@chr3:68731649:68731713:-@chr3:68722412:68722547:-	-0.34	6.85	20	14	26	3
chr3:148491441:148491532:-@chr3:148490505:148490549:-@chr3:148489329:148489497:-	-0.61	16.74	0	4	5	0
chr3:87731485:87731677:-@chr3:87730977:87731039:-@chr3:87730653:87730796:-	-0.19	6.06	39	10	53	2
chr8:107790595:107791065:+@chr8:107791565:107791766:+@chr8:107791910:107793226:+	-0.26	5.37	0	100	16	77
chr8:124502455:124502654:+@chr8:124513855:124513971:+@chr8:124515428:124515603:+	-0.25	7.34	26	47	45	35
chr8:12859314:12859479:+@chr8:12861640:12861724:+@chr8:12861912:12862205:+	-0.65	2019.78	9	32	24	8
chr8:36727722:36727848:+@chr8:36734776:36734885:+@chr8:36739784:36742503:+	-0.49	60.29	15	120	129	61
chr8:109981780:109981901:+@chr8:110007232:110007369:+@chr8:110009446:110009542:+	-0.15	13.94	168	11	158	0
chr8:19996955:19997074:-@chr8:19994879:19995046:-@chr8:19990923:19991125:-	-0.07	8.05	260	11	292	0
chr8:13677393:13677587:-@chr8:13659939:13660022:-@chr8:13631775:13631892:-	-0.04	14.15	0	221	15	222
chr8:63461573:63462108:-@chr8:63454529:63454704:-@chr8:63420054:63420211:-	-0.35	163133740.04	132	79	227	36
chr8:126022488:126022598:+@chr8:126023892:126024007:+@chr8:126025133:126025333:+	-0.28	7.16	56	8	67	2
chr8:125811961:125812151:-@chr8:125810370:125810451:-@chr8:125807909:125808085:-	-0.36	113.88	25	7	76	0
chr12:60238685:60238773:+@chr12:60245686:60245757:+@chr12:60247834:60247944:+	-0.24	13.05	74	31	105	15
chr12:85746356:85746425:-@chr12:85740290:85740362:-@chr12:85737629:85737908:-	-0.33	9.05	7	44	43	33
chr12:101812641:101812734:-@chr12:101812008:101812202:-@chr12:101809039:101809209:-	-0.76	2446.09	0	16	6	1
chr12:104626891:104627083:+@chr12:104630707:104631133:+@chr12:104638406:104638501:+	-0.63	359793.32	10	22	12	0
chr12:112683140:112683494:+@chr12:112686194:112686308:+@chr12:112686458:112686580:+	-0.35	22.30	168	95	419	3
chr12:80273207:80273445:-@chr12:80267338:80267396:-@chr12:80265935:80266126:-	-0.19	52.80	101	24	121	4
chr12:41172253:41172377:-@chr12:41137163:41137540:-@chr12:41105260:41105461:-	-0.29	9.20	46	15	53	3
chr9:117958428:117958553:+@chr9:117959015:117959114:+@chr9:117960472:117960620:+	-0.14	14.77	125	15	143	3
chr9:105397223:105397447:-@chr9:105396745:105396927:-@chr9:105372367:105372477:-	-0.24	26.69	72	26	188	17
chr9:82820004:82820138:-@chr9:82809569:82809631:-@chr9:82808903:82809031:-	-0.19	7.06	36	64	54	41
chr9:65756817:65756975:+@chr9:65768811:65768875:+@chr9:65797823:65797871:+	-0.30	5.40	6	26	11	8
chr9:44768062:44768222:-@chr9:44764625:44764808:-@chr9:44761025:44761255:-	-0.24	2790.32	1	71	20	36
chr9:56986204:56986327:+@chr9:56986661:56986776:+@chr9:56986876:56986961:+	-0.44	15.02	10	5	20	0
chr9:45077089:45077229:-@chr9:45075183:45075303:-@chr9:45074538:45074725:-	-0.29	68.97	66	32	87	11
chr9:119203533:119203641:-@chr9:119199855:119199983:-@chr9:119193664:119193805:-	-0.28	1000000000000.00	2	39	37	36
chr9:107481431:107481716:+@chr9:107482788:107483266:+@chr9:107485148:107486379:+	-0.34	23.71	89	131	210	70
chr13:14283410:14283523:+@chr13:14284216:14284368:+@chr13:14285633:14285848:+	-0.50	1000000000000.00	0	21	28	12
chr13:101413475:101413558:-@chr13:101407608:101407812:-@chr13:101406897:101407053:-	-0.27	7.18	3	32	8	6
chr13:113254278:113254458:+@chr13:113255935:113256134:+@chr13:113262795:113262881:+	-0.47	636.60	0	8	11	4
chr13:9492351:9492422:+@chr13:9494080:9494247:+@chr13:9505825:9505935:+	-0.64	56.42	0	6	7	0
chr13:100930076:100932319:-@chr13:100924810:100924977:-@chr13:100922449:100922601:-	-0.23	300.85	653	228	776	55
chrX:133527505:133527571:-@chrX:133522685:133522744:-@chrX:133515655:133518160:-	-0.71	701116623.32	12	104	106	0
chrX:139268728:139268936:+@chrX:139276126:139276188:+@chrX:139276953:139278037:+	-0.62	25.64	8	67	118	22
chrX:45561657:45561879:-@chrX:45560700:45561096:-@chrX:45559845:45560134:-	-0.26	20.61	23	32	67	39
chrX:6896232:6896484:-@chrX:6895510:6895614:-@chrX:6893785:6893949:-	-0.29	8.04	8	43	12	10
chrX:165111660:165111834:-@chrX:165110195:165110277:-@chrX:165109727:165109822:-	-0.29	381.02	4	31	17	18
chrX:102262098:102262216:-@chrX:102243248:102243349:-@chrX:102239341:102239450:-	-0.61	238988229.69	6	9	28	1
chr4:34725473:34725586:-@chr4:34719123:34719302:-@chr4:34718507:34718663:-	-0.52	7.10	2	6	4	0
chr4:151359778:151359970:-@chr4:151357744:151357845:-@chr4:151356747:151357461:-	-0.32	37.88	36	32	56	6
chr4:154460314:154460406:-@chr4:154457218:154457426:-@chr4:154456776:154456863:-	-0.48	1046.77	39	13	62	2
chr4:128866616:128866726:-@chr4:128860845:128860961:-@chr4:128858986:128859776:-	-0.52	9.55	22	68	138	0
chr4:107520049:107520171:+@chr4:107522709:107522747:+@chr4:107523913:107524032:+	-0.50	6.80	2	9	4	1
chr4:154998978:154999050:+@chr4:154999294:154999448:+@chr4:154999640:154999763:+	-0.32	11.88	21	14	42	7
chr4:41325980:41326903:+@chr4:41334208:41334390:+@chr4:41335129:41335230:+	-0.27	212.91	399	156	503	99
chr4:41687975:41688186:-@chr4:41687696:41687849:-@chr4:41687423:41687515:-	-0.39	11.35	25	5	49	0
chr4:150416785:150416900:-@chr4:150416359:150416407:-@chr4:150415381:150415582:-	-0.69	540162.42	0	10	10	2
chr4:154460314:154460406:-@chr4:154457218:154457345:-@chr4:154456776:154456863:-	-0.44	20.09	14	13	18	2
chr4:133225653:133225775:-@chr4:133220573:133221694:-@chr4:133217340:133218706:-	-0.22	9.65	215	74	284	16
chr4:126188970:126189098:-@chr4:126188644:126188777:-@chr4:126187195:126187379:-	-0.47	5.17	6	3	11	0
chr5:92623038:92623201:+@chr5:92624374:92624460:+@chr5:92628843:92628950:+	-0.17	26.40	47	7	59	0
chr5:123587964:123588075:-@chr5:123584633:123584726:-@chr5:123583732:123584439:-	-0.55	6.61	7	4	38	7
chr5:112705727:112705791:+@chr5:112732920:112732991:+@chr5:112736586:112737497:+	-0.47	12.93	140	144	380	61
chr5:139058283:139058395:-@chr5:139057698:139057787:-@chr5:139053267:139053393:-	-0.39	17.08	8	4	21	0
chr5:101103008:101103275:-@chr5:101096911:101097077:-@chr5:101092599:101092720:-	-0.21	9.38	67	16	94	0
chr5:139058283:139058395:-@chr5:139057698:139057842:-@chr5:139053267:139053393:-	-0.40	8.56	9	4	19	0
chr5:100465123:100465214:-@chr5:100464654:100464758:-@chr5:100462598:100464003:-	-0.35	327.58	219	402	394	227
chr5:73509723:73509824:-@chr5:73506495:73506539:-@chr5:73503988:73504091:-	-0.17	32.39	16	64	43	57
chr7:129744204:129744344:+@chr7:129771170:129771385:+@chr7:129777259:129777916:+	-0.09	5.28	486	57	461	12
chr7:147177245:147177345:-@chr7:147176171:147176247:-@chr7:147175950:147176028:-	-0.18	5.84	111	11	242	5
chr7:134893495:134893581:+@chr7:134893662:134893880:+@chr7:134894379:134894540:+	-0.37	335.30	33	8	82	0
chr7:52494330:52494485:-@chr7:52494030:52494104:-@chr7:52493870:52493942:-	-0.34	13.39	10	27	18	9
chr7:105855507:105855627:+@chr7:105856447:105856541:+@chr7:105858636:105858743:+	-0.18	32.94	15	51	33	37
chr7:3773126:3773428:-@chr7:3772843:3772893:-@chr7:3768383:3768606:-	-0.55	7.30	0	11	42	0
chr7:99968493:99968593:+@chr7:99972308:99972391:+@chr7:99978036:99978219:+	-0.45	11.00	5	5	20	0
chr7:4452868:4453282:-@chr7:4449018:4449148:-@chr7:4448819:4448937:-	-0.08	5.65	239	15	346	1
chr7:140835676:140835832:+@chr7:140838673:140838774:+@chr7:140839028:140839149:+	-0.34	16.32	12	5	37	2
chr7:72838303:72838455:+@chr7:72838737:72838829:+@chr7:72840029:72840213:+	-0.45	8.07	3	9	17	6
chr7:59143282:59143446:+@chr7:59151677:59151888:+@chr7:59152621:59152742:+	-0.29	24.53	0	12	15	14
chr7:148507009:148507074:-@chr7:148500977:148501146:-@chr7:148500761:148500887:-	-0.23	25.10	0	16	7	6
chr6:149258844:149258899:+@chr6:149273254:149273322:+@chr6:149273927:149278306:+	-0.27	41.38	1679	3107	3449	2023
chr6:116083785:116084475:-@chr6:116057330:116057534:-@chr6:115992889:115993823:-	-0.10	39.23	48	847	166	912
chr6:37853533:37853651:+@chr6:37858217:37858364:+@chr6:37865165:37865297:+	-0.12	5.06	101	6	120	0
chr6:125101403:125101543:+@chr6:125101813:125101821:+@chr6:125102632:125102789:+	-0.40	13.71	6	7	24	2
chr6:113059879:113059984:+@chr6:113060079:113060215:+@chr6:113060311:113060519:+	-0.25	7.11	24	37	38	19
chr6:149266157:149266230:+@chr6:149273254:149273322:+@chr6:149273927:149278306:+	-0.21	15.37	1347	3469	2208	3293
chr6:66864447:66864504:+@chr6:66893819:66893876:+@chr6:66965719:66965837:+	-0.44	6.14	1	6	4	1
chr6:145180615:145180774:-@chr6:145173594:145173717:-@chr6:145165219:145169244:-	-0.05	13.98	17	1476	85	1812
chr6:71802757:71802861:+@chr6:71803167:71803262:+@chr6:71806906:71807042:+	-0.15	7.82	41	72	92	78
chr6:94558034:94558159:-@chr6:94557286:94557432:-@chr6:94556097:94556357:-	-0.40	6.89	9	6	20	0
