chr10:29081770:29082248:-@chr10:29081091:29081151:-@chr10:29074098:29074253:-	0.49	7.05	12	2	3	14
chr10:117601257:117601503:+@chr10:117603681:117603740:+@chr10:117605107:117606055:+	0.31	20.92	215	41	110	109
chr10:13686185:13686503:+@chr10:13724007:13724081:+@chr10:13786389:13786490:+	0.61	96.75	21	0	0	4
chr10:116374453:116374711:-@chr10:116365245:116365340:-@chr10:116356630:116356707:-	0.36	17.72	55	3	37	20
chr10:126902038:126902069:+@chr10:126902187:126902240:+@chr10:126908824:126909056:+	0.39	15.45	36	27	5	41
chr10:84454865:84455009:+@chr10:84464527:84464646:+@chr10:84477821:84479192:+	0.23	7.58	78	173	13	262
chr10:21027391:21027585:+@chr10:21028905:21029120:+@chr10:21056773:21056881:+	0.23	1114.26	112	46	87	81
chr10:9509161:9509226:-@chr10:9497819:9497864:-@chr10:9490248:9490487:-	0.33	5.53	58	5	53	34
chr10:80777737:80777863:+@chr10:80780071:80780148:+@chr10:80780511:80782719:+	0.12	2752.34	377	1304	133	1732
chr10:9509161:9509226:-@chr10:9497819:9497869:-@chr10:9490248:9490487:-	0.19	13.40	99	0	98	19
chr14:55298078:55298189:-@chr14:55297580:55297699:-@chr14:55285910:55285998:-	0.14	11.84	58	42	115	180
chr14:28319837:28319901:-@chr14:28318824:28318849:-@chr14:28313427:28313868:-	0.60	7.44	31	3	4	27
chr11:29393879:29394093:+@chr11:29397343:29397426:+@chr11:29398409:29398612:+	0.22	79.82	29	51	7	59
chr11:116059536:116059695:-@chr11:116050729:116050889:-@chr11:116044778:116044938:-	0.32	3599.81	14	14	5	42
chr11:87551669:87551775:+@chr11:87554007:87554148:+@chr11:87556298:87556353:+	0.37	14.35	41	3	33	13
chr11:77836529:77837321:+@chr11:77838315:77838369:+@chr11:77838463:77838588:+	0.09	13.57	81	576	16	817
chr11:98778268:98778332:+@chr11:98779224:98779458:+@chr11:98780517:98780719:+	0.08	7.43	16	51	6	84
chr11:79064483:79064651:-@chr11:79061893:79062015:-@chr11:79059672:79059803:-	0.10	5.55	240	4	206	22
chr11:80068162:80068364:+@chr11:80069364:80069459:+@chr11:80079244:80081409:+	0.39	1000000000000.00	122	153	6	280
chr11:70730817:70731284:+@chr11:70732679:70732783:+@chr11:70734354:70734470:+	0.29	6.44	90	2	66	57
chr11:83164481:83164673:+@chr11:83178297:83178338:+@chr11:83179149:83179295:+	0.38	459277.11	60	41	20	111
chr11:49064054:49064157:+@chr11:49065052:49065176:+@chr11:49074073:49076526:+	0.40	43.53	1309	90	628	982
chr11:53841086:53841592:-@chr11:53821270:53821373:-@chr11:53818896:53819050:-	0.43	14.70	88	16	51	132
chr11:53766503:53766685:-@chr11:53765209:53765344:-@chr11:53764326:53764857:-	0.52	5.40	6	1	1	11
chr11:70461531:70461611:+@chr11:70461910:70462094:+@chr11:70462723:70462848:+	0.29	49.35	14	8	2	24
chr11:116702383:116702669:-@chr11:116701152:116701859:-@chr11:116700304:116700442:-	0.31	22.43	243	17	210	54
chr11:80068162:80068364:+@chr11:80069364:80069459:+@chr11:80071016:80071138:+	0.60	5850.84	25	5	9	28
chr11:119970746:119970850:-@chr11:119969781:119969867:-@chr11:119967748:119967924:-	0.17	9.30	12	32	6	67
chr11:106781495:106782029:-@chr11:106737215:106737253:-@chr11:106732816:106732924:-	0.69	22703.77	53	4	31	52
chr15:83195459:83195940:-@chr15:83189253:83189380:-@chr15:83187964:83188467:-	0.62	14.58	28	0	8	34
chr15:76565307:76565868:-@chr15:76560794:76560886:-@chr15:76557833:76557906:-	0.49	8.14	99	9	34	78
chr15:98362151:98362329:-@chr15:98361754:98361868:-@chr15:98359721:98359884:-	0.16	5.97	205	15	240	59
chr15:54915604:54915742:-@chr15:54914960:54915148:-@chr15:54914601:54914653:-	0.32	18.38	3	2	0	10
chr15:98362151:98362329:-@chr15:98361754:98361960:-@chr15:98359721:98359884:-	0.25	31.61	127	25	150	72
chr15:12047606:12047702:+@chr15:12047994:12048093:+@chr15:12066151:12066433:+	0.23	42.05	50	127	22	246
chr15:67008194:67008444:-@chr15:66994549:66994613:-@chr15:66984605:66984732:-	0.19	951.86	18	47	5	94
chr16:16870984:16871148:+@chr16:16875165:16875248:+@chr16:16877925:16878109:+	0.37	9.17	26	8	7	16
chr16:43571847:43571904:+@chr16:43577143:43577306:+@chr16:43577674:43577861:+	0.43	11.05	26	1	21	11
chr16:38208081:38208176:+@chr16:38217199:38217237:+@chr16:38220058:38220244:+	0.11	49.86	20	89	4	138
chr16:4716297:4716535:-@chr16:4715233:4715630:-@chr16:4714417:4714666:-	0.08	5.56	47	125	31	189
chr16:32422906:32423039:+@chr16:32425327:32425396:+@chr16:32426944:32427007:+	0.40	5.76	24	1	11	6
chr16:13832430:13832527:+@chr16:13834774:13834887:+@chr16:13835228:13835543:+	0.12	6.97	156	0	113	8
chr16:17125083:17125199:-@chr16:17123605:17123747:-@chr16:17121389:17121644:-	0.51	184.06	32	2	22	21
chr16:13685155:13685491:+@chr16:13687484:13687688:+@chr16:13692526:13692670:+	0.45	656.27	42	2	40	31
chr16:52186248:52186345:+@chr16:52186462:52186593:+@chr16:52189126:52189266:+	0.50	102316.33	23	4	22	33
chr17:24551620:24551679:+@chr17:24554983:24555163:+@chr17:24555402:24555557:+	0.28	68.99	74	18	100	68
chr17:46817651:46817879:-@chr17:46815991:46816143:-@chr17:46815230:46815442:-	0.17	9.33	113	4	185	41
chr17:29251090:29251180:+@chr17:29252016:29252155:+@chr17:29257787:29258005:+	0.06	6107.45	17	151	0	267
chr17:95146957:95147757:-@chr17:95143272:95143334:-@chr17:95139726:95140095:-	0.54	7958.25	205	31	50	163
chr17:29257787:29258005:+@chr17:29268409:29268517:+@chr17:29270583:29270756:+	0.09	8.34	312	14	560	59
chr17:26852595:26852719:+@chr17:26873734:26873928:+@chr17:26876488:26876613:+	0.27	338.40	74	0	66	9
chr17:46782924:46782971:-@chr17:46782030:46782102:-@chr17:46781198:46781461:-	0.54	143.42	20	13	11	22
chr17:24739039:24739242:-@chr17:24738334:24738402:-@chr17:24737280:24737410:-	0.23	26.15	7	17	1	51
chr17:48539763:48539905:-@chr17:48538307:48538390:-@chr17:48534975:48535121:-	0.16	17.45	13	36	3	65
chr17:26852595:26852719:+@chr17:26873761:26873928:+@chr17:26876488:26876613:+	0.28	14.95	52	0	45	9
chr17:27076396:27076423:-@chr17:27076262:27076313:-@chr17:27075829:27076037:-	0.22	10.08	55	53	44	88
chr17:32540001:32540526:-@chr17:32539381:32539452:-@chr17:32536235:32536374:-	0.17	1000000000000.00	61	212	0	252
chr19:3875735:3875788:+@chr19:3881998:3882120:+@chr19:3884472:3884585:+	0.50	7.10	6	0	4	4
chr1:174034240:174034390:+@chr1:174034543:174034683:+@chr1:174035317:174035383:+	0.03	5.60	17	139	2	159
chr1:172811046:172811159:-@chr1:172810704:172810822:-@chr1:172810261:172810357:-	0.52	78.89	11	0	19	15
chr1:135557814:135557957:-@chr1:135551922:135551975:-@chr1:135550550:135550609:-	0.79	1000000000000.00	19	0	1	8
chr1:37436767:37436905:+@chr1:37440184:37440216:+@chr1:37444543:37444715:+	0.29	8.40	25	0	34	18
chr1:182014503:182014636:+@chr1:182024075:182024317:+@chr1:182024512:182024622:+	0.47	9.53	6	2	0	7
chr1:158488918:158489336:+@chr1:158550970:158551032:+@chr1:158552616:158552786:+	0.30	170.68	68	0	27	16
chr1:75234030:75234139:+@chr1:75235855:75235908:+@chr1:75236083:75236205:+	0.60	11.04	5	0	0	7
chr1:6253105:6253345:+@chr1:6254623:6254671:+@chr1:6255655:6255702:+	0.31	8.04	89	1	42	14
chr1:171461453:171461595:-@chr1:171458867:171458942:-@chr1:171455443:171455580:-	0.17	26.27	159	25	129	48
chr1:193399613:193399830:+@chr1:193407058:193407204:+@chr1:193410403:193410540:+	0.35	72.85	83	10	56	40
chr1:16499423:16499489:-@chr1:16476101:16476231:-@chr1:16453116:16453275:-	0.55	89.48	17	1	3	7
chr2:91771253:91771411:-@chr2:91770975:91771136:-@chr2:91769979:91770272:-	0.42	162.01	29	0	27	24
chr2:24908073:24908157:+@chr2:24908511:24908590:+@chr2:24908915:24909018:+	0.19	7.49	5	8	0	19
chr2:120675792:120676154:-@chr2:120662901:120662996:-@chr2:120650978:120651051:-	0.50	70.12	13	6	4	41
chr2:181424407:181424481:-@chr2:181424082:181424316:-@chr2:181423124:181423423:-	0.20	20.61	460	111	485	350
chr2:59185981:59186098:+@chr2:59188551:59188679:+@chr2:59190319:59190392:+	0.53	49.60	18	3	2	10
chr2:34262382:34262774:+@chr2:34287523:34287850:+@chr2:34290653:34290742:+	0.13	213.08	245	5	250	31
chr2:31544076:31545462:+@chr2:31551269:31551412:+@chr2:31633854:31634027:+	0.15	22.05	105	292	13	494
chr2:32219325:32219499:+@chr2:32219739:32219854:+@chr2:32222823:32223052:+	0.30	9.64	125	30	98	37
chr2:34711968:34712077:-@chr2:34709768:34709912:-@chr2:34707609:34708353:-	0.33	14.83	249	39	232	148
chr2:69044121:69044247:-@chr2:69043887:69043939:-@chr2:69043083:69043235:-	0.49	53367.72	9	5	8	51
chr2:29640473:29640547:-@chr2:29638832:29638893:-@chr2:29637640:29637721:-	0.49	14.91	19	1	1	3
chr2:24708185:24708322:-@chr2:24703464:24703609:-@chr2:24695050:24695276:-	0.19	9.01	108	0	146	28
chr2:124906530:124906633:+@chr2:124906963:124907063:+@chr2:124908767:124909050:+	0.63	100.48	14	2	6	56
chr2:102693172:102693393:-@chr2:102671487:102671693:-@chr2:102668699:102668767:-	0.07	220.11	97	279	51	348
chr2:155937522:155937701:-@chr2:155929085:155929165:-@chr2:155905075:155905200:-	0.34	825.64	11	13	0	29
chr2:26244669:26244836:-@chr2:26244436:26244585:-@chr2:26244012:26244080:-	0.26	6.76	16	11	13	39
chr2:131032814:131032882:+@chr2:131036999:131037209:+@chr2:131038183:131038472:+	0.57	6.06	17	3	7	29
chr2:92054206:92054246:+@chr2:92055621:92055732:+@chr2:92061629:92061772:+	0.28	52.25	101	1	82	10
chr2:73367384:73367467:-@chr2:73326932:73327223:-@chr2:73285906:73285994:-	0.55	8.02	4	0	0	4
chr2:29869196:29869358:+@chr2:29869678:29869692:+@chr2:29871109:29871240:+	0.14	5.43	33	88	17	109
chr2:12325625:12325795:-@chr2:12322652:12322703:-@chr2:12321650:12321764:-	0.31	13.60	37	6	22	13
chr2:26195156:26195226:+@chr2:26195925:26196104:+@chr2:26200122:26200278:+	0.43	8.57	13	0	14	7
chr2:92054206:92054246:+@chr2:92055606:92055732:+@chr2:92061629:92061772:+	0.30	5.33	58	1	59	10
chr2:167131160:167131347:-@chr2:167130496:167130618:-@chr2:167127510:167127611:-	0.43	6126630.21	53	1	34	25
chr2:105821139:105821277:-@chr2:105810605:105810673:-@chr2:105806865:105807251:-	0.37	6.26	34	4	25	9
chr2:26771777:26772050:-@chr2:26771475:26771526:-@chr2:26771116:26771289:-	0.67	127.89	18	2	1	12
chr2:120675792:120676154:-@chr2:120650978:120651051:-@chr2:120648209:120648344:-	0.32	7.50	19	4	28	26
chr18:60992081:60992278:-@chr18:60991820:60991963:-@chr18:60991428:60991649:-	0.20	20200.72	179	3	177	38
chr18:60988019:60988213:-@chr18:60986994:60987101:-@chr18:60982458:60982644:-	0.38	33761.61	91	29	82	130
chr18:14798766:14798870:-@chr18:14795901:14795993:-@chr18:14795005:14795127:-	0.35	27.00	30	3	25	15
chr18:3325359:3325476:-@chr18:3299160:3299306:-@chr18:3295320:3295414:-	0.39	14.25	9	3	0	6
chr18:32416844:32417046:+@chr18:32420956:32421052:+@chr18:32424202:32424319:+	0.16	15.46	92	1	97	14
chr3:159502659:159503011:+@chr3:159511529:159511609:+@chr3:159535873:159536145:+	0.19	15893.93	49	135	11	112
chr3:16089478:16089563:+@chr3:16103187:16103219:+@chr3:16103826:16105424:+	0.28	22.64	1108	1232	137	2531
chr3:94819242:94819359:-@chr3:94817755:94817850:-@chr3:94814267:94816398:-	0.23	24.70	282	530	141	853
chr3:21975574:21975876:+@chr3:21988335:21988444:+@chr3:22047864:22047930:+	0.19	23.36	31	54	18	110
chr3:144354864:144355092:-@chr3:144354422:144354496:-@chr3:144346642:144348103:-	0.12	15465.59	491	0	514	86
chr3:86597739:86597835:-@chr3:86597141:86597221:-@chr3:86595917:86596033:-	0.45	592.12	11	3	9	20
chr3:157689689:157689822:-@chr3:157686207:157686323:-@chr3:157685805:157685914:-	0.10	10.72	48	97	29	146
chr3:106285349:106285631:+@chr3:106285983:106286080:+@chr3:106289791:106289966:+	0.53	1723.69	12	8	2	53
chr3:94819033:94819160:-@chr3:94817755:94817850:-@chr3:94814267:94816398:-	0.31	284.72	301	500	134	852
chr3:95020136:95020190:-@chr3:95012762:95012858:-@chr3:95010385:95010524:-	0.30	14.68	41	9	24	19
chr8:108221117:108221338:+@chr8:108221461:108221541:+@chr8:108221768:108221845:+	0.30	15.25	70	10	45	41
chr8:74128827:74128934:+@chr8:74129506:74129617:+@chr8:74130560:74130643:+	0.19	80.51	294	34	263	72
chr8:98259586:98259728:-@chr8:98258141:98258249:-@chr8:98257879:98258048:-	0.16	8.53	146	10	152	31
chr8:24251636:24251701:+@chr8:24252068:24252192:+@chr8:24258753:24260968:+	0.26	18.77	137	337	35	881
chr8:23171193:23171242:+@chr8:23172358:23172592:+@chr8:23175472:23176403:+	0.40	5.75	55	8	20	21
chr8:91220927:91220998:+@chr8:91226204:91226337:+@chr8:91229125:91229778:+	0.20	7.26	68	241	16	241
chr8:123096536:123096806:+@chr8:123098071:123098178:+@chr8:123098834:123099205:+	0.12	13.21	474	2	510	56
chr8:11628439:11628530:-@chr8:11623697:11623858:-@chr8:11619062:11619297:-	0.15	66.07	28	73	8	90
chr8:74489693:74489819:+@chr8:74489999:74490059:+@chr8:74491798:74494232:+	0.30	168.52	157	24	129	117
chr8:47065927:47065993:+@chr8:47068877:47069034:+@chr8:47069395:47069587:+	0.41	31.45	55	0	35	14
chr8:47249069:47249217:+@chr8:47250116:47250250:+@chr8:47254913:47256006:+	0.40	11.63	52	89	6	105
chr8:28087808:28088083:+@chr8:28088734:28088867:+@chr8:28089040:28091934:+	0.22	1050.33	152	462	11	794
chr12:88784592:88784789:-@chr12:88782593:88782730:-@chr12:88781256:88781364:-	0.31	5.46	43	5	56	41
chr12:88293694:88293881:+@chr12:88300678:88300778:+@chr12:88301222:88301391:+	0.18	6.88	9	25	3	59
chr12:11272393:11272593:-@chr12:11269213:11269399:-@chr12:11267688:11267874:-	0.32	131.89	85	1	51	15
chr12:88784592:88784789:-@chr12:88781256:88781364:-@chr12:88779347:88779509:-	0.15	9.36	129	3	180	27
chr12:52464404:52464533:+@chr12:52464939:52465007:+@chr12:52466242:52466546:+	0.41	63.48	37	14	14	37
chr12:25189812:25189899:+@chr12:25193949:25194046:+@chr12:25194319:25194414:+	0.35	11.55	42	3	17	7
chr12:60245686:60245757:+@chr12:60247323:60247349:+@chr12:60247834:60247944:+	0.15	8.71	18	39	7	64
chr12:80265935:80266126:-@chr12:80263088:80263209:-@chr12:80261396:80261569:-	0.06	1050.12	16	157	1	177
chr9:64900852:64900980:+@chr9:64901576:64901637:+@chr9:64902226:64902326:+	0.22	9.75	51	0	38	7
chr9:103328907:103329145:+@chr9:103329480:103329716:+@chr9:103330019:103330117:+	0.44	6.53	23	6	2	18
chr9:15135198:15135354:-@chr9:15134949:15135092:-@chr9:15132240:15132395:-	0.32	678.45	48	0	49	15
chr9:112078599:112078739:-@chr9:112060194:112060302:-@chr9:112051839:112051876:-	0.52	6.76	7	0	4	5
chr9:21333207:21333527:+@chr9:21340352:21340441:+@chr9:21343531:21343558:+	0.21	11.33	216	37	183	60
chr9:14825826:14825965:-@chr9:14814480:14814700:-@chr9:14811805:14812463:-	0.27	17.61	162	2	138	64
chr9:119354041:119354268:+@chr9:119354806:119354919:+@chr9:119356067:119356216:+	0.38	11.85	6	10	0	23
chr9:99476995:99477119:+@chr9:99478860:99478940:+@chr9:99479776:99479861:+	0.59	345.80	11	0	6	9
chr9:112078599:112078739:-@chr9:112057922:112060302:-@chr9:112051839:112051876:-	0.69	124.75	17	0	5	5
chr9:69864626:69864998:+@chr9:69866487:69866625:+@chr9:69867196:69867322:+	0.74	1000000000000.00	26	3	1	32
chr9:69864626:69864730:+@chr9:69866487:69866625:+@chr9:69867196:69867322:+	0.08	22.43	14	58	0	70
chr9:4309743:4309934:+@chr9:4313702:4313806:+@chr9:4316827:4317071:+	0.58	5.80	5	5	1	11
chr9:20449017:20449191:-@chr9:20448639:20448742:-@chr9:20446468:20446540:-	0.54	9.86	8	1	5	21
chr13:97925376:97925555:+@chr13:97930042:97930122:+@chr13:97930974:97931122:+	0.12	37.97	120	1	112	12
chr13:28864488:28864535:-@chr13:28761651:28761863:-@chr13:28760239:28760573:-	0.42	46.23	57	2	55	36
chr13:63935904:63936097:+@chr13:63942201:63942347:+@chr13:63942732:63942893:+	0.34	6.79	21	15	3	15
chr13:54666543:54666743:-@chr13:54665871:54665982:-@chr13:54663054:54663232:-	0.66	1589.07	28	8	3	42
chr13:54666543:54666743:-@chr13:54665876:54665982:-@chr13:54663054:54663232:-	0.61	18322472.71	43	3	22	34
chr13:54666543:54666743:-@chr13:54665546:54665633:-@chr13:54663054:54663232:-	0.33	7.23	39	3	48	38
chr13:34094335:34094636:-@chr13:34088112:34088220:-@chr13:34023341:34023515:-	0.56	46.17	77	2	56	58
chrX:71478488:71478677:-@chrX:71478306:71478329:-@chrX:71475845:71476092:-	0.07	267.29	319	1070	292	1482
chrX:57489734:57489887:-@chrX:57482325:57482429:-@chrX:57476467:57478970:-	0.20	25.88	139	294	123	360
chrX:12270711:12270822:-@chrX:12266455:12266586:-@chrX:12264145:12264327:-	0.32	7060679909.70	98	1	70	27
chrX:98461520:98461682:-@chrX:98460969:98461065:-@chrX:98460715:98460781:-	0.23	23.18	71	1	67	9
chrX:71522378:71522681:-@chrX:71519117:71519365:-@chrX:71518556:71519030:-	0.53	1695.43	65	1	54	44
chrX:132277231:132277517:+@chrX:132278102:132278153:+@chrX:132279038:132279114:+	0.31	20.85	51	41	35	70
chrX:53746216:53746310:+@chrX:53747310:53747420:+@chrX:53749693:53749911:+	0.24	957.36	146	25	160	79
chrX:132277231:132277517:+@chrX:132277981:132278061:+@chrX:132279038:132279114:+	0.27	16.33	37	44	13	86
chr4:59562020:59562236:-@chr4:59559021:59559054:-@chr4:59537276:59537348:-	0.26	17049473.62	27	41	61	471
chr4:98667724:98667893:-@chr4:98660338:98660427:-@chr4:98659060:98659149:-	0.66	54.23	5	0	0	8
chr4:140108443:140108564:-@chr4:140107711:140107835:-@chr4:140102915:140103001:-	0.64	18.59	2	0	0	19
chr4:83098945:83100052:+@chr4:83106067:83106263:+@chr4:83111869:83112041:+	0.26	6.34	85	117	16	237
chr4:10997347:10997469:-@chr4:10993798:10993854:-@chr4:10989197:10989299:-	0.45	5.95	6	1	2	6
chr4:108252059:108252180:+@chr4:108261281:108261386:+@chr4:108265898:108266076:+	0.55	115.47	28	1	4	23
chr4:123032299:123032510:-@chr4:123031722:123031823:-@chr4:123029065:123029194:-	0.05	244329142.03	40	406	16	461
chr4:53750399:53750531:+@chr4:53755368:53755638:+@chr4:53757491:53757620:+	0.56	1086.83	6	1	3	13
chr4:111105692:111106158:+@chr4:111126690:111126903:+@chr4:111132355:111132903:+	0.38	10.06	42	0	26	18
chr4:128405215:128405365:+@chr4:128419160:128419328:+@chr4:128420598:128420800:+	0.60	149.77	21	0	2	29
chr5:90714066:90714168:-@chr5:90711876:90712628:-@chr5:90707268:90707416:-	0.15	8.77	347	41	397	84
chr5:148338095:148338256:+@chr5:148338501:148338617:+@chr5:148338705:148338806:+	0.08	39.40	408	1	384	18
chr5:124080462:124081178:-@chr5:124077303:124077419:-@chr5:124073222:124073279:-	0.43	4370.20	449	8	276	247
chr5:69980900:69981062:-@chr5:69980577:69980701:-@chr5:69977704:69977805:-	0.37	31.92	5	4	0	13
chr5:20727044:20727113:+@chr5:20728208:20728257:+@chr5:20732062:20732166:+	0.49	3659.81	33	0	14	5
chr5:31207076:31207188:+@chr5:31207391:31207528:+@chr5:31208004:31208134:+	0.57	1943.50	6	1	0	8
chr5:76665307:76665407:-@chr5:76664791:76664880:-@chr5:76660421:76660573:-	0.29	5.22	26	0	18	5
chr5:141169369:141169497:-@chr5:141168748:141168882:-@chr5:141167554:141167624:-	0.56	20.28	4	0	3	7
chr5:73173242:73173414:-@chr5:73170660:73170725:-@chr5:73165070:73165124:-	0.42	17868.36	28	2	30	19
chr5:121183423:121183576:-@chr5:121183146:121183238:-@chr5:121180342:121181967:-	0.12	5.91	75	354	14	322
chr5:34886014:34886231:+@chr5:34886876:34886938:+@chr5:34894210:34894349:+	0.52	479.57	13	3	0	5
chr5:44454365:44454423:-@chr5:44449865:44449891:-@chr5:44447117:44447322:-	0.48	23.11	12	5	0	15
chr7:135591635:135591722:-@chr7:135590245:135590621:-@chr7:135589709:135589784:-	0.36	7.23	42	2	25	7
chr7:134565137:134565553:-@chr7:134564919:134565032:-@chr7:134563524:134563619:-	0.44	14.23	12	11	3	50
chr7:36214176:36214317:+@chr7:36214934:36215130:+@chr7:36217537:36217626:+	0.38	53.77	11	4	4	18
chr7:20250283:20250379:-@chr7:20247494:20247691:-@chr7:20241067:20241179:-	0.26	12.30	12	6	6	20
chr7:132714948:132715104:+@chr7:132715448:132715561:+@chr7:132716365:132716464:+	0.17	7.83	14	27	2	29
chr7:52136293:52136481:-@chr7:52135937:52136008:-@chr7:52135622:52135840:-	0.28	27.93	101	7	114	66
chr7:74785990:74786226:-@chr7:74773181:74773221:-@chr7:74763960:74763997:-	0.65	7.83	13	6	1	22
chr7:3503313:3503433:-@chr7:3499077:3499112:-@chr7:3498306:3498596:-	0.17	6.08	72	4	117	35
chr7:134035117:134035346:-@chr7:134032405:134032574:-@chr7:134029733:134029829:-	0.19	10.43	77	0	82	12
chr7:53152805:53153036:+@chr7:53155002:53155106:+@chr7:53162288:53162482:+	0.33	23.88	22	0	29	13
chr7:51723350:51723560:+@chr7:51723730:51723787:+@chr7:51724177:51724339:+	0.32	13.26	23	9	28	47
chr7:132772380:132772557:+@chr7:132773252:132773348:+@chr7:132774219:132774303:+	0.33	5.82	32	9	14	21
chr7:51723350:51723560:+@chr7:51723730:51723787:+@chr7:51724180:51724339:+	0.65	31.47	12	0	10	13
chr7:52271450:52271619:-@chr7:52269575:52269705:-@chr7:52268850:52268963:-	0.58	3048.82	18	0	11	13
chr7:52317748:52318047:-@chr7:52316958:52317021:-@chr7:52316111:52316262:-	0.56	10.66	4	0	2	19
chr7:51723350:51723560:+@chr7:51723676:51723787:+@chr7:51724177:51724339:+	0.27	6.76	24	11	32	48
chr7:126977778:126977915:+@chr7:126986756:126986848:+@chr7:126987362:126987578:+	0.47	281.35	21	0	16	13
chr6:83436978:83437125:-@chr6:83431772:83431832:-@chr6:83431341:83431456:-	0.12	19.89	12	48	2	68
chr6:30607298:30607412:-@chr6:30606479:30606694:-@chr6:30603457:30605850:-	0.71	1433558.87	152	2	23	97
chr6:119729495:119729650:-@chr6:119728006:119728089:-@chr6:119723752:119723919:-	0.31	18.08	28	0	31	10
chr6:49213837:49214051:-@chr6:49202802:49203107:-@chr6:49202381:49202514:-	0.13	7.16	646	88	683	146
chr6:13557830:13558063:-@chr6:13552238:13553487:-@chr6:13544944:13545086:-	0.25	361.34	229	1	136	7
chr6:146371228:146371386:-@chr6:146366940:146367038:-@chr6:146366454:146366537:-	0.12	6.77	191	1	196	14
