chr10:79484822-79484932:+@chr10:79485020-79485100:+	-0.07	295014698876.71	63	417	153	377
chr10:79484291-79484428:+@chr10:79484540-79484604:+	-0.08	14.46	5	63	28	80
chr10:7517556-7517673:+@chr10:7518213-7518355:+	-0.50	326947712.32	32	15	92	4
chr11:87595184-87595255:+@chr11:87595447-87595551:+	-0.35	7.77	14	19	6	1
chr11:96802269-96802170:-@chr11:96801383-96801330:-	-0.61	10.81	14	5	13	0
chr11:80283304-80283429:+@chr11:80283885-80283920:+	-0.10	5.16	11	18	26	7
chr11:74493116-74492960:-@chr11:74491244-74487452:-	-0.11	223.51	932	1254	1466	1247
chr11:74493116-74492960:-@chr11:74491244-74487451:-	-0.11	5590.69	908	1278	1530	1183
chr11:78127666-78127758:+@chr11:78127845-78127958:+	-0.41	334.73	20	31	58	14
chr11:119870789-119870589:-@chr11:119869758-119868627:-	-0.55	227020.89	57	70	97	7
chr11:119861866-119861900:+@chr11:119862388-119863935:+	-0.42	23.72	49	56	136	49
chr11:119870789-119870589:-@chr11:119869758-119868632:-	-0.54	1000000000000.00	47	80	92	12
chr11:94154592-94154452:-@chr11:94154346-94152453:-	-0.18	27.29	472	181	523	80
chr11:117018115-117018216:+@chr11:117020068-117020582:+	-0.24	166533.03	664	66	891	11
chr11:98551777-98551967:+@chr11:98552230-98552333:+	-0.09	9.83	25	112	74	120
chr11:4112144-4112250:+@chr11:4112788-4112902:+	-0.34	8.64	13	8	37	4
chr11:82608867-82608954:+@chr11:82609211-82609288:+	-0.31	42.13	14	15	21	3
chr12:72085480-72085581:+@chr12:72085659-72085732:+	-0.29	15.00	16	18	45	12
chr12:77673382-77673645:+@chr12:77674234-77674347:+	-0.60	1000000000000.00	26	26	42	1
chr12:112916316-112916372:+@chr12:112916814-112917173:+	-0.40	6.85	24	16	30	0
chr8:74125998-74126165:+@chr8:74126272-74126387:+	-0.09	8.27	123	293	146	221
chr8:74777108-74777179:+@chr8:74777374-74777532:+	-0.21	2349.43	27	56	51	34
chr8:63968737-63968857:+@chr8:63970342-63970475:+	-0.53	7.69	9	8	7	0
chr8:121966333-121966469:+@chr8:121966816-121967007:+	-0.28	163719.21	30	41	104	37
chr8:73122019-73121912:-@chr8:73121667-73121390:-	-0.25	17.26	94	44	148	20
chr8:4245695-4245825:+@chr8:4247657-4247897:+	-0.24	135216.38	876	52	1001	1
chr13:55608985-55608849:-@chr13:55608727-55608691:-	-0.43	5326.13	11	17	41	6
chr13:115615419-115615569:+@chr13:115616366-115616489:+	-0.28	9.00	7	11	21	5
chr15:76536286-76536024:-@chr15:76535873-76535621:-	-0.39	14.73	5	20	30	16
chr15:79075720-79075782:+@chr15:79076408-79076541:+	-0.60	20.21	4	6	5	0
chr15:88986815-88986686:-@chr15:88986607-88985979:-	-0.56	1000000000000.00	57	120	178	19
chr16:18250913-18251094:+@chr16:18251642-18251753:+	-0.29	7.57	78	10	87	0
chr16:4769795-4769640:-@chr16:4769018-4768745:-	-0.27	15.95	129	36	150	26
chr16:13826976-13827078:+@chr16:13827153-13827218:+	-0.57	157.92	5	6	14	0
chr16:4634907-4634589:-@chr16:4634430-4634299:-	-0.15	8.19	66	109	113	92
chr5:101232989-101233048:+@chr5:101233351-101233490:+	-0.13	10.38	2	24	18	17
chr5:34842385-34842137:-@chr5:34841948-34841829:-	-0.54	798.70	14	20	29	0
chr5:31177224-31177341:+@chr5:31178163-31178259:+	-0.19	36.87	9	19	33	9
chr5:145938099-145938171:+@chr5:145939705-145939797:+	-0.52	30.20	160	5	211	0
chr5:23947641-23947550:-@chr5:23947481-23947346:-	-0.15	11.64	16	72	32	49
chr5:124765905-124765382:-@chr5:124765295-124765198:-	-0.57	18.22	20	44	84	0
chr6:128842846-128842916:+@chr6:128843634-128843759:+	-0.48	7.27	14	3	32	0
chr6:91448184-91448024:-@chr6:91446163-91446082:-	-0.29	214.27	28	15	71	7
chr6:124974051-124974288:+@chr6:124974523-124974570:+	-0.17	8.08	29	60	94	60
chr6:124781380-124781506:+@chr6:124782164-124782457:+	-0.04	17.87	71	437	152	452
chr6:124974051-124974288:+@chr6:124974764-124975100:+	-0.29	38008.68	54	106	178	50
chr17:35516765-35516782:+@chr17:35516849-35517118:+	-0.25	51676852.22	324	541	584	448
chr17:35400324-35400508:+@chr17:35400521-35400593:+	-0.80	1000000000000.00	37	406	1485	223
chr17:28455007-28455101:+@chr17:28455274-28455352:+	-0.35	6.61	0	4	18	4
chr17:34982259-34982113:-@chr17:34982045-34981949:-	-0.26	6.93	9	21	34	22
chr17:35286545-35286455:-@chr17:35286346-35286033:-	-0.08	9.17	23	189	71	270
chr17:33686425-33686554:+@chr17:33687411-33687615:+	-0.09	5.13	9	44	22	29
chr17:28465912-28466225:+@chr17:28466319-28466467:+	-0.15	7.18	148	109	239	108
chr17:34251423-34251295:-@chr17:34251122-34250877:-	-0.04	2344510.17	34	730	131	903
chr17:24503031-24503158:+@chr17:24503713-24503878:+	-0.13	5.47	24	44	48	33
chr1:162966951-162967295:+@chr1:162967419-162967446:+	-0.41	1000000000000.00	170	288	305	73
chr1:75143004-75143293:+@chr1:75143405-75144483:+	-0.15	63.41	584	182	992	55
chr1:157627068-157626569:-@chr1:157625981-157625285:-	-0.36	12.01	102	122	237	92
chr1:39424696-39424779:+@chr1:39424994-39425100:+	-0.51	66.77	20	11	38	2
chr14:55722344-55722246:-@chr14:55722095-55722040:-	-0.62	157.58	2	3	24	0
chr14:31336412-31336997:+@chr14:31339373-31340242:+	-0.25	26410.50	477	71	682	11
chr14:31419087-31419002:-@chr14:31418755-31418626:-	-0.14	11.28	228	93	275	63
chr7:53957331-53957151:-@chr7:53955088-53955006:-	-0.31	11.99	68	22	85	5
chr7:31351768-31351955:+@chr7:31352165-31352519:+	-0.63	65.33	12	28	36	2
chr7:52097670-52097573:-@chr7:52097469-52097353:-	-0.53	473563397.94	6	17	32	6
chr7:31820302-31820228:-@chr7:31818037-31817749:-	-0.04	57107237512.09	412	497	762	576
chr7:31351768-31351955:+@chr7:31352162-31352519:+	-0.47	86.18	8	37	34	9
chr7:25764024-25763933:-@chr7:25763595-25763188:-	-0.04	17.32	3	269	26	289
chr7:134992083-134992181:+@chr7:134992265-134992479:+	-0.29	11.03	31	34	54	13
chr7:134992083-134992181:+@chr7:134992265-134992533:+	-0.31	20.18	39	28	57	13
chr7:134361571-134361485:-@chr7:134361256-134361133:-	-0.13	5.98	58	75	58	34
chr19:59983046-59982839:-@chr19:59982197-59978787:-	-0.29	19.15	102	21	139	1
chr19:10280914-10281023:+@chr19:10281654-10281790:+	-0.22	6554.85	16	44	57	23
chr19:6341744-6341834:+@chr19:6341903-6341967:+	-0.17	19.49	19	24	61	18
chr4:43583320-43583218:-@chr4:43583062-43582909:-	-0.45	36.13	19	21	16	2
chr4:155192032-155192096:+@chr4:155192648-155194537:+	-0.14	58.39	484	989	717	760
chr2:155393623-155393429:-@chr2:155392620-155392539:-	-0.21	12.26	11	27	18	8
chr2:34713349-34713158:-@chr2:34712077-34711968:-	-0.09	59.59	12	55	35	32
chr2:130880097-130880008:-@chr2:130879529-130879421:-	-0.63	16.84	4	5	8	0
chr2:180318106-180318227:+@chr2:180319111-180319576:+	-0.17	32.51	9	60	42	45
chr2:26243191-26243076:-@chr2:26242831-26242175:-	-0.11	9.74	25	186	63	206
chr2:25315877-25315529:-@chr2:25315379-25315295:-	-0.31	22.36	34	68	72	52
chr2:155404523-155404448:-@chr2:155404164-155404025:-	-0.33	5.54	4	10	7	3
chr2:61481772-61481842:+@chr2:61482364-61482479:+	-0.13	11.71	70	36	140	30
chr3:94760409-94760528:+@chr3:94760643-94760724:+	-0.43	5.22	12	7	14	0
chr3:103801356-103801628:+@chr3:103802595-103802726:+	-0.43	158.55	57	24	75	4
chr9:108410714-108411317:+@chr9:108411480-108411555:+	-0.24	10.30	4	29	30	52
chr9:105298875-105299035:+@chr9:105299128-105300188:+	-0.38	7.03	54	85	149	21
chr9:21394204-21394079:-@chr9:21394002-21393126:-	-0.28	29.46	198	210	432	140
chr9:108417298-108417563:+@chr9:108418127-108418267:+	-0.13	633.79	15	77	63	87
chr9:56987307-56987515:+@chr9:56987677-56987771:+	-0.57	73.65	9	21	8	1
chrX:12865405-12865490:+@chrX:12865699-12865797:+	-0.15	268.16	95	84	146	51
chrX:71553011-71553209:+@chrX:71553469-71553600:+	-0.13	32.73	539	95	749	66
chrX:7733904-7733777:-@chrX:7733630-7733442:-	-0.40	80.17	9	15	18	6
chrX:70460113-70460195:+@chrX:70460567-70460694:+	-0.41	99.87	11	16	22	3
chrX:7469266-7469993:+@chrX:7471317-7471618:+	-0.32	1077.89	127	27	186	4
chrX:7451359-7453066:+@chrX:7453141-7453746:+	-0.41	41.73	555	483	1236	107
chr18:36829965-36829902:-@chr18:36829783-36829658:-	-0.43	11.82	6	2	22	0
