chr10:18726839-18726669:-@chr10:18725537-18725357:-	0.05	1000000000000.00	1461	1098	1126	1284
chr10:80652684-80653044:+@chr10:80653127-80653256:+	0.11	8.66	28	102	2	202
chr11:68861676-68861867:+@chr11:68862008-68862146:+	0.15	2763932.25	72	117	47	206
chr11:59015887-59015626:-@chr11:59015081-59014995:-	0.59	39710.66	42	1	18	17
chr11:74477533-74477633:+@chr11:74478276-74478428:+	0.14	268950707.93	31	25	9	69
chr11:51088914-51089080:+@chr11:51089272-51089366:+	0.14	41.10	137	114	81	144
chr11:70251446-70251530:+@chr11:70251821-70251893:+	0.11	21.41	54	13	10	16
chr11:107042415-107042227:-@chr11:107041432-107041356:-	0.09	5.88	53	49	26	64
chr11:100953905-100953846:-@chr11:100953770-100953471:-	0.63	16.32	26	3	0	26
chr11:95624853-95625641:+@chr11:95631492-95633667:+	0.15	27.63	1754	23	1653	145
chr11:77888129-77887980:-@chr11:77887862-77887782:-	0.29	5.82	13	7	10	22
chr11:106679510-106679581:+@chr11:106679848-106680175:+	0.21	12.81	16	35	1	46
chr11:106645332-106645273:-@chr11:106644007-106643783:-	0.07	1000000000000.00	7366	1292	6659	1618
chr11:70757740-70757614:-@chr11:70757499-70757381:-	0.07	18.79	16	85	4	134
chr11:116535614-116535689:+@chr11:116536822-116537112:+	0.10	5.32	120	73	72	88
chr11:60543785-60543937:+@chr11:60544132-60544294:+	0.38	5.94	11	5	7	16
chr11:74499566-74499398:-@chr11:74498010-74497908:-	0.07	20.44	432	134	321	166
chr12:4873074-4872965:-@chr12:4872119-4871943:-	0.47	25.41	29	1	30	16
chr12:86815641-86815745:+@chr12:86815885-86816136:+	0.02	1000000000000.00	1170	10946	883	13241
chr12:85709093-85709151:+@chr12:85709536-85709659:+	0.51	33.44	13	0	6	6
chr12:21336024-21335894:-@chr12:21334993-21334915:-	0.33	32.29	174	6	196	25
chr12:4210772-4210891:+@chr12:4211482-4211605:+	0.45	1658.95	26	4	8	21
chr8:125769612-125769407:-@chr8:125769110-125769014:-	0.24	59.27	8	9	1	24
chr8:74007040-74006879:-@chr8:74006558-74006406:-	0.55	431.66	6	1	0	14
chr8:125769612-125769382:-@chr8:125769110-125769014:-	0.53	18.36	8	3	0	12
chr8:23771964-23771874:-@chr8:23770931-23769677:-	0.07	7.22	141	479	77	643
chr8:87221545-87221630:+@chr8:87222084-87222192:+	0.21	22.93	18	5	10	19
chr8:124322136-124321734:-@chr8:124320928-124320818:-	0.22	695.00	135	52	128	108
chr8:86461096-86461224:+@chr8:86461360-86461456:+	0.54	12.94	6	1	0	3
chr13:54785849-54785699:-@chr13:54785511-54785322:-	0.24	508000.61	152	4	188	44
chr13:99042727-99042807:+@chr13:99043333-99043873:+	0.70	1000000000000.00	60	0	15	15
chr13:41104255-41104307:+@chr13:41104588-41104733:+	0.26	6.35	85	8	74	21
chr15:76523444-76523568:+@chr15:76524025-76524154:+	0.55	7.94	1	0	4	8
chr15:76178247-76178094:-@chr15:76178024-76177689:-	0.24	3381.61	78	77	56	150
chr15:88958448-88958352:-@chr15:88958121-88958024:-	0.56	27.80	18	1	5	8
chr16:17837959-17837924:-@chr16:17837564-17837394:-	0.55	13.68	8	0	8	7
chr16:8698679-8698545:-@chr16:8698087-8697986:-	0.09	251.61	130	109	74	136
chr16:55925183-55925082:-@chr16:55924963-55924477:-	0.66	14.25	20	0	1	26
chr16:18251452-18251567:+@chr16:18251642-18251753:+	0.29	5.95	27	6	23	20
chr5:130360054-130359805:-@chr5:130358450-130358300:-	0.01	11.27	98	703	75	1021
chr5:106315336-106315447:+@chr5:106317453-106317858:+	0.21	108.09	590	47	556	81
chr5:136212705-136212616:-@chr5:136212532-136212467:-	0.55	7.46	5	0	0	3
chr5:69948194-69948404:+@chr5:69949424-69949535:+	0.19	66.11	29	15	9	29
chr5:130221559-130221816:+@chr5:130222602-130222741:+	0.37	12473.59	160	4	153	34
chr5:122624064-122624124:+@chr5:122624989-122625278:+	0.15	29513.23	1638	137	1799	255
chr5:122624064-122624124:+@chr5:122624989-122625282:+	0.15	107.60	1633	142	1772	282
chr5:46087272-46087407:+@chr5:46087712-46087783:+	0.51	69786437307.36	42	4	20	26
chr5:122622741-122622812:+@chr5:122623155-122623289:+	0.18	7.53	214	2	207	10
chr5:138619151-138619201:+@chr5:138619297-138619408:+	0.56	13.82	16	0	6	4
chr6:120377747-120377890:+@chr6:120378236-120378395:+	0.21	22.97	26	22	6	29
chr6:122272490-122272343:-@chr6:122272101-122271890:-	0.18	11.58	14	29	2	28
chr6:8183050-8183254:+@chr6:8184232-8184361:+	0.40	32.42	26	5	27	22
chr6:113327733-113327310:-@chr6:113326939-113326886:-	0.47	114.65	43	9	13	49
chr6:87795551-87795459:-@chr6:87795317-87795116:-	0.15	5.27	150	84	145	163
chr17:36100337-36100266:-@chr17:36100181-36100071:-	0.73	9104857484.90	11	0	6	26
chr17:34068985-34069163:+@chr17:34069266-34069316:+	0.33	313.80	48	24	19	44
chr17:24839568-24839421:-@chr17:24839320-24839090:-	0.37	348.86	16	12	0	54
chr1:184421166-184420998:-@chr1:184420179-184420096:-	0.17	99097.32	22	14	0	37
chr1:188563742-188563483:-@chr1:188561564-188561467:-	0.18	31.83	98	27	133	76
chr1:172811172-172811046:-@chr1:172810357-172810261:-	0.54	39.56	26	0	35	15
chr1:58478152-58477927:-@chr1:58476577-58476511:-	0.07	1000000000000.00	1934	608	1786	798
chr14:21125454-21125588:+@chr14:21126915-21127021:+	0.57	6.49	14	0	9	6
chr14:52825181-52824465:-@chr14:52824259-52824108:-	0.20	398.21	94	203	22	252
chr7:54031321-54031135:-@chr7:54030307-54030184:-	0.30	38.40	72	7	50	27
chr7:52135474-52135297:-@chr7:52134884-52134761:-	0.09	7.50	18	43	7	67
chr7:135420079-135420009:-@chr7:135419926-135419742:-	0.34	9.15	15	10	5	20
chr7:63023548-63023740:+@chr7:63024030-63024091:+	0.23	55.74	133	0	148	12
chr7:134338975-134338875:-@chr7:134338672-134338537:-	0.10	12.76	23	50	5	57
chr7:107642723-107642884:+@chr7:107645235-107645457:+	0.04	1000000000000.00	2142	1627	1634	2047
chr7:148596784-148596677:-@chr7:148595839-148595745:-	0.35	12.48	7	1	5	21
chr7:52389396-52389252:-@chr7:52387782-52387598:-	0.26	12.14	59	8	87	31
chr7:29939554-29939438:-@chr7:29938508-29938341:-	0.23	61.09	165	19	205	63
chr7:36180395-36180256:-@chr7:36180146-36179994:-	0.25	13.15	9	13	0	17
chr7:52109150-52109227:+@chr7:52109309-52109478:+	0.32	5.48	5	4	0	17
chr7:20288740-20288618:-@chr7:20288491-20288415:-	0.11	5.60	8	20	0	32
chr7:112889888-112889997:+@chr7:112890094-112890221:+	0.11	14.96	25	69	10	99
chr4:153526902-153526979:+@chr4:153528644-153528749:+	0.56	162.49	73	0	57	8
chr4:41704957-41705111:+@chr4:41705376-41705568:+	0.21	15.05	28	26	14	45
chr4:118920496-118920608:+@chr4:118920789-118921577:+	0.63	48.69	27	8	0	17
chr4:134490371-134490496:+@chr4:134490847-134490964:+	0.24	329.41	119	24	85	51
chr4:133679757-133679834:+@chr4:133680749-133680869:+	0.44	6.15	28	0	32	6
chr4:116803010-116802848:-@chr4:116802694-116802565:-	0.10	154.20	69	142	54	215
chr4:147318717-147319570:+@chr4:147320710-147321423:+	0.05	10.88	232	772	109	988
chr2:25128435-25129057:+@chr2:25129320-25129452:+	0.13	20.53	140	307	69	299
chr2:136707375-136706267:-@chr2:136706062-136705987:-	0.42	5.49	56	19	36	82
chr2:121015098-121015205:+@chr2:121015563-121015701:+	0.17	77653.56	42	33	9	41
chr2:26228600-26228494:-@chr2:26228345-26228251:-	0.42	66.80	14	5	1	17
chr2:158186335-158184918:-@chr2:158182999-158182934:-	0.42	1000000000000.00	284	19	306	121
chr2:29963855-29963741:-@chr2:29963642-29963496:-	0.18	7.61	8	17	0	18
chr2:155652172-155652063:-@chr2:155651946-155651861:-	0.22	5.87	10	9	3	22
chr2:120552531-120552326:-@chr2:120552033-120551913:-	0.25	11.82	32	21	25	55
chr2:121015098-121015205:+@chr2:121015560-121015701:+	0.27	13.64	42	14	9	14
chr2:103810444-103810522:+@chr2:103810650-103810869:+	0.39	13.26	55	4	49	54
chr2:32837403-32837241:-@chr2:32837087-32836881:-	0.66	1911.00	5	3	0	15
chr2:91612448-91612594:+@chr2:91612868-91613904:+	0.21	38.37	405	215	318	376
chr2:25105717-25105616:-@chr2:25105523-25105314:-	0.15	6.10	30	49	33	111
chr3:94812135-94811994:-@chr3:94811888-94810754:-	0.23	9.78	154	222	143	289
chr3:107990044-107990970:+@chr3:107994592-107994695:+	0.31	5.42	161	4	182	40
chr3:89147899-89147595:-@chr3:89147505-89147310:-	0.19	10.76	12	66	1	77
chr9:107481431-107481716:+@chr9:107482788-107483266:+	0.50	56.20	25	1	18	30
chr9:55975292-55975344:+@chr9:55975534-55975667:+	0.05	12.89	19	59	9	116
chr9:106376164-106376012:-@chr9:106375850-106375764:-	0.43	32.95	21	1	13	6
chr9:110531253-110531123:-@chr9:110531007-110530898:-	0.18	12.41	25	30	14	58
chrX:166426795-166427424:+@chrX:166427579-166428727:+	0.50	1000000000000.00	427	23	387	607
chrX:53746216-53746310:+@chrX:53749693-53749911:+	0.17	232.01	665	45	657	98
chrX:12283818-12283658:-@chrX:12283571-12283425:-	0.20	6.69	11	28	0	30
chrX:91497754-91498465:+@chrX:91499279-91501307:+	0.26	286.35	295	11	192	128
