chr10:62464931:62465028:+@chr10:62465694|62467405:62467524:+	-0.52	13.55	29	4	43	0
chr10:80812879:80812934:-@chr10:80812233|80812347:80812125:-	-0.21	14.58	3	10	19	8
chr10:59830514:59830541:+@chr10:59831277|59831280:59831473:+	-0.18	5.47	175	106	315	119
chr10:86397593:86397689:-@chr10:86396159|86396163:86396005:-	-0.30	6.64	6	2	48	0
chr11:97008687:97008867:-@chr11:97007944|97007947:97007769:-	-0.43	72.59	0	40	20	14
chr11:62153910:62154131:-@chr11:62152567|62152570:62152361:-	-0.16	27935.11	250	210	401	170
chr11:74206547:74206664:-@chr11:74205843|74205848:74205722:-	-0.18	5.39	16	3	50	0
chr11:100882368:100882496:+@chr11:100887974|100887992:100888077:+	-0.41	7.73	6	8	16	2
chr11:80056075:80056183:+@chr11:80056872|80056904:80056992:+	-0.46	10.73	7	7	14	0
chr11:68349606:68349728:+@chr11:68353352|68353401:68353511:+	-0.30	6.81	1	17	5	6
chr11:61307026:61307456:-@chr11:61306571|61306687:61306406:-	-0.19	8.44	82	31	138	10
chr11:69981319:69981506:+@chr11:69982085|69982088:69982198:+	-0.57	59.66	3	17	22	5
chr11:69588878:69588944:+@chr11:69589304|69589364:69590391:+	-0.60	2164.91	0	52	42	18
chr11:117018115:117018216:+@chr11:117018573|117020068:117020582:+	-0.34	1000000000000.00	502	49	608	4
chr11:62190137:62190263:-@chr11:62187076|62187124:62186578:-	-0.09	5.22	764	114	1076	34
chr17:29469606:29469687:-@chr17:29469183|29469202:29469021:-	-0.63	625.40	2	6	9	0
chr17:48539763:48539905:-@chr17:48538390|48538393:48538307:-	-0.67	74.76	0	2	11	0
chr17:74847298:74847558:-@chr17:74846450|74846464:74844470:-	-0.45	31.11	85	128	170	63
chr17:56235628:56235699:+@chr17:56236244|56236271:56236439:+	-0.36	355.08	23	26	60	9
chr17:36179287:36179405:-@chr17:36179057|36179073:36178813:-	-0.36	97007617.23	84	78	130	14
chr17:33686204:33686330:+@chr17:33686425|33686429:33686554:+	-0.28	200.06	16	6	51	0
chr17:25917825:25917897:+@chr17:25918138|25918186:25918323:+	-0.46	5.63	3	7	6	1
chr17:28457735:28457801:+@chr17:28463039|28463097:28463512:+	-0.60	75268.30	3	46	32	9
chr17:28459591:28459716:+@chr17:28463039|28463097:28463512:+	-0.41	742.88	5	53	31	26
chr17:36398436:36398551:-@chr17:36397866|36397890:36395818:-	-0.54	18.85	61	363	385	88
chr2:180966392:180970076:-@chr2:180965936|180966207:180965936:-	-0.27	12.21	1067	534	1844	258
chr2:21131512:21131668:+@chr2:21133017|21134589:21136636:+	-0.32	6.50	40	14	75	2
chr2:84284167:84284295:-@chr2:84283082|84283469:84280297:-	-0.73	136.99	4	35	32	10
chr2:181089058:181089147:+@chr2:181090015|181090033:181090257:+	-0.60	23.47	0	8	14	3
chr2:120151742:120151885:-@chr2:120151263|120151477:120151122:-	-0.14	30.06	2	32	13	27
chr2:84877358:84877485:+@chr2:84877933|84877951:84878126:+	-0.09	135324.42	1	178	28	254
chr2:158187141:158187258:-@chr2:158186806|158186932:158186679:-	-0.34	36.69	14	23	39	14
chr6:123217073:123217180:+@chr6:123218013|123218087:123218161:+	-0.43	5.11	14	9	8	0
chr6:123217073:123217180:+@chr6:123218010|123218087:123218161:+	-0.18	1837.65	130	9	239	0
chr6:47893174:47893376:+@chr6:47895428|47895465:47895750:+	-0.52	13.99	2	4	12	4
chr6:146504653:146504831:-@chr6:146503574|146503620:146503450:-	-0.16	17.07	96	17	144	2
chr6:60925812:60927788:+@chr6:60937068|60937071:60937220:+	-0.51	6.29	34	84	88	9
chr7:74762879:74763016:-@chr7:74704855|74704950:74704744:-	-0.51	7.00	2	9	2	0
chr7:52409673:52409790:+@chr7:52411663|52411676:52411769:+	-0.47	12.61	2	10	6	2
chr7:26077083:26077333:+@chr7:26077433|26077436:26077587:+	-0.20	9.00	82	150	195	129
chr13:35085883:35086013:-@chr13:35085089|35085197:35084937:-	-0.43	23090.28	15	9	35	0
chr13:35085883:35086013:-@chr13:35085099|35085197:35084937:-	-0.55	1000000000000.00	12	25	35	4
chr15:38428424:38428596:-@chr15:38427153|38427305:38427019:-	-0.17	50.24	61	120	134	103
chr15:102350906:102351008:+@chr15:102351552|102351569:102351644:+	-0.48	7.19	3	3	20	0
chr8:27229852:27230072:+@chr8:27230912|27230917:27231035:+	-0.44	9.44	5	6	18	0
chr8:123629474:123629587:-@chr8:123628405|123628458:123628292:-	-0.38	5.77	4	8	12	3
chr8:3523758:3523867:+@chr8:3523999|3524011:3524166:+	-0.39	9.54	3	7	17	9
chr8:108201115:108201250:+@chr8:108203971|108203974:108204159:+	-0.19	70.27	128	50	239	8
chr8:121965295:121965402:+@chr8:121966333|121966816:121967007:+	-0.31	16.78	77	11	157	7
chr3:95086605:95086666:+@chr3:95086842|95087153:95087547:+	-0.25	19.38	176	65	277	13
chr3:95330708:95330847:+@chr3:95333356|95333359:95333482:+	-0.12	47.65	11	203	38	179
chr3:5563165:5563272:-@chr3:5561760|5561764:5560188:-	-0.47	5.72	91	108	139	87
chr3:87731485:87731677:-@chr3:87730796|87731039:87730653:-	-0.42	6.75	10	13	19	3
chr9:105397223:105397447:-@chr9:105396812|105396927:105396745:-	-0.56	1000000000000.00	12	29	70	7
chr9:45727875:45727977:+@chr9:45733994|45734001:45734150:+	-0.51	22.99	2	4	14	1
chr9:21490466:21490719:+@chr9:21504244|21504247:21504352:+	-0.21	28.28	179	82	298	76
chr5:33591756:33591873:-@chr5:33591332|33591335:33590372:-	-0.15	8.20	976	435	1458	215
chr5:23948000:23948213:-@chr5:23947901|23947918:23947742:-	-0.18	7.20	9	75	32	69
chr5:38607686:38607852:-@chr5:38605303|38605622:38604547:-	-0.42	9.61	18	46	37	10
chr5:140247770:140247875:-@chr5:140247677|140247683:140247491:-	-0.31	6.74	14	27	24	21
chr1:14264146:14264288:-@chr1:14260908|14260923:14260786:-	-0.52	8.07	1	2	15	0
chr1:175837728:175838012:-@chr1:175836453|175836459:175836263:-	-0.22	22.02	68	32	79	14
chr18:36773487:36773630:+@chr18:36774369|36774417:36774471:+	-0.36	11.07	31	22	27	3
chr4:118954175:118954257:-@chr4:118951804|118951816:118951539:-	-0.11	5.16	28	353	84	354
chr4:147992774:147992900:-@chr4:147991814|147991934:147991675:-	-0.15	478.43	111	11	122	0
chr4:135866891:135867004:+@chr4:135870002|135870005:135870170:+	-0.30	9.47	6	23	18	18
chr4:125760126:125760229:+@chr4:125760656|125760840:125760968:+	-0.56	253.64	0	4	11	1
chr14:103547725:103547882:-@chr14:103546246|103546249:103546050:-	-0.39	16.58	8	32	12	9
chrX:71263469:71263705:-@chrX:71262769|71262850:71262469:-	-0.10	55.82	250	27	277	0
chrX:132805349:132805421:+@chrX:132805807|132805848:132806517:+	-0.37	5.68	127	91	197	22
chrX:138794930:138794979:-@chrX:138786158|138786451:138785922:-	-0.30	9.78	103	45	192	17
chrX:138794930:138794979:-@chrX:138786161|138786451:138785922:-	-0.28	11.41	100	51	176	33
chrX:71156502:71156637:-@chrX:71152215|71152227:71152008:-	-0.09	14.77	2	136	17	152
chr12:56713060:56713090:-@chr12:56705255|56705258:56703886:-	-0.46	7.16	115	335	365	2
chr12:35797107:35797176:+@chr12:35804405|35804438:35804577:+	-0.30	7.77	3	14	11	10
chr12:114395372:114395574:+@chr12:114395682|114395789:114395938:+	-0.21	58.74	1	36	10	30
chr12:72079720:72079802:+@chr12:72084306|72084311:72084429:+	-0.20	63.15	45	12	37	0
chrY:246891:247029:+@chrY:247100|247129:247292:+	-0.47	11378.89	3	14	18	8
