chr10:51200712:51200747:+@chr10:51201373|51201473:51201675:+	0.21	1000000000000.00	1231	29	1360	273
chr10:60565316:60565462:-@chr10:60564549|60564811:60564429:-	0.08	564.51	30	89	5	82
chr10:93459583:93459858:-@chr10:93456399|93456411:93456262:-	0.67	2059.02	10	6	0	26
chr10:66679731:66679855:+@chr10:66680786|66680865:66680929:+	0.36	504.05	36	0	25	6
chr16:45242819:45242854:+@chr16:45244266|45244269:45244424:+	0.67	111158218.93	14	2	3	15
chr16:56029716:56029830:-@chr16:56024551|56024750:56024337:-	0.16	6.32	131	62	145	112
chr11:5424242:5424387:+@chr11:5424688|5424755:5424946:+	0.07	1490.45	301	2	346	25
chr11:66866037:66866120:-@chr11:66865280|66865416:66865183:-	0.55	7.16	2	0	2	11
chr11:119967748:119967924:-@chr11:119967347|119967350:119965265:-	0.20	5.66	737	300	752	512
chr11:98064619:98065724:+@chr11:98071675|98071678:98072550:+	0.19	1000000000000.00	1566	71	1531	481
chr11:54728999:54729089:-@chr11:54724999|54725073:54724289:-	0.23	9.64	137	116	80	173
chr11:8910244:8910420:-@chr11:8907604|8907607:8907497:-	0.43	45.42	12	11	1	16
chr11:115470594:115470749:-@chr11:115470410|115470467:115470375:-	0.49	221.45	13	1	10	13
chr17:56235628:56235699:+@chr17:56236271|56236274:56236439:+	0.32	6.66	25	10	22	17
chr17:48532505:48532610:-@chr17:48531813|48531831:48531665:-	0.16	38.72	121	31	146	78
chr17:29502407:29502555:+@chr17:29503916|29503950:29504072:+	0.16	11.59	49	0	60	10
chr17:28954010:28954138:+@chr17:28954416|28954431:28954743:+	0.15	13.91	14	74	2	160
chr17:57383670:57383791:-@chr17:57382536|57382557:57382364:-	0.29	104.38	56	25	40	60
chr17:48012789:48012872:-@chr17:48012637|48012673:48012469:-	0.34	716.89	18	18	8	43
chr17:48532505:48532610:-@chr17:48531813|48531825:48531665:-	0.23	19.77	28	31	23	78
chr17:34137139:34137278:-@chr17:34136948|34137008:34136679:-	0.35	40.08	103	61	290	1031
chr17:48441937:48442257:+@chr17:48447205|48447382:48447598:+	0.08	6.50	585	17	693	75
chr2:25107241:25107338:-@chr2:25105523|25105717:25105314:-	0.37	5.39	44	2	34	37
chr2:131346148:131346907:+@chr2:131347795|131347884:131347955:+	0.17	27.84	99	1	107	28
chr2:101910090:101910215:-@chr2:101898195|101898198:101898064:-	0.28	9731.87	41	0	25	10
chr2:26771777:26772050:-@chr2:26771289|26771304:26771116:-	0.70	23.38	13	2	0	12
chr2:61451708:61451855:+@chr2:61464960|61464963:61465071:+	0.29	2167.00	30	36	16	86
chr6:71455728:71455843:+@chr6:71458680|71458863:71460875:+	0.33	59.51	112	117	16	177
chr6:71834534:71834619:-@chr6:71833586|71833596:71833438:-	0.32	7.25	11	10	4	22
chr6:83006972:83007087:+@chr6:83007208|83007270:83007388:+	0.07	24.02	23	118	11	188
chr7:30601091:30601308:+@chr7:30607999|30608089:30608163:+	0.70	188467.10	10	0	3	13
chr7:73854180:73854321:+@chr7:73855045|73855116:73855632:+	0.29	7.65	73	22	44	71
chr7:108651326:108651456:+@chr7:108651801|108651813:108651924:+	0.11	65.35	21	120	3	93
chr7:140850109:140850327:+@chr7:140851754|140851819:140851977:+	0.32	124.10	44	26	23	54
chr7:63023548:63023740:+@chr7:63023841|63024030:63024091:+	0.32	20142.84	77	0	58	14
chr7:148628050:148628463:-@chr7:148627683|148627759:148627511:-	0.29	7.45	31	92	1	132
chr13:51747976:51748124:+@chr13:51749755|51749865:51750004:+	0.21	15.18	64	0	46	8
chr13:55701472:55701553:+@chr13:55705381|55705481:55705743:+	0.65	60468.88	22	0	5	16
chr15:61816896:61817506:+@chr15:61819062|61819065:61819833:+	0.14	14.33	840	195	926	375
chr8:90723112:90723212:+@chr8:90723830|90723856:90724401:+	0.54	9.42	162	79	3	233
chr8:12650154:12650222:-@chr8:12648787|12649822:12648621:-	0.41	18.05	158	1	179	20
chr8:127252229:127252382:+@chr8:127254692|127254739:127254916:+	0.46	8.33	13	3	2	5
chr3:152037584:152037753:+@chr3:152037855|152037879:152037949:+	0.43	10.77	17	8	4	13
chr9:103258610:103258769:-@chr9:103257643|103258359:103255433:-	0.11	9.89	2040	636	2055	956
chr9:103258610:103258769:-@chr9:103257643|103258359:103255432:-	0.11	8.92	2076	601	2032	979
chr9:86924339:86924439:+@chr9:86926896|86927215:86927296:+	0.34	20.73	39	4	35	16
chr9:72849484:72849682:+@chr9:72853448|72853462:72853699:+	0.11	9.96	292	25	309	72
chr9:103258610:103258769:-@chr9:103257643|103258356:103255432:-	0.13	36.30	1873	700	1733	1153
chr9:57267970:57268098:-@chr9:57263061|57263279:57262893:-	0.44	1000000000000.00	52	0	31	13
chr9:122723550:122723706:+@chr9:122727892|122727968:122728144:+	0.45	58.34	10	4	4	20
chr5:116429771:116429878:+@chr5:116431659|116431704:116431821:+	0.33	932.66	12	14	0	22
chr5:23950884:23951053:-@chr5:23950123|23950213:23949713:-	0.34	59.09	41	59	8	149
chr5:109987824:109988012:-@chr5:109986633|109986768:109986537:-	0.27	6.84	29	0	38	10
chr5:114820068:114820237:-@chr5:114819036|114819039:114818950:-	0.17	24.76	21	83	7	112
chr5:23358536:23358578:+@chr5:23359585|23359604:23360851:+	0.49	16.61	139	66	9	138
chr5:136579150:136579294:+@chr5:136579417|136579707:136579876:+	0.13	7.84	20	34	8	67
chr5:69976213:69976395:-@chr5:69970925|69973532:69970747:-	0.48	28.73	80	1	61	7
chr5:69976213:69976395:-@chr5:69970931|69973532:69970747:-	0.26	8388.77	78	13	56	45
chr1:172815198:172815671:-@chr1:172811159|172811172:172811046:-	0.48	6.46	26	19	0	13
chr1:196785260:196785424:+@chr1:196785974|196786130:196787486:+	0.39	30167527.87	221	83	95	299
chr1:99673903:99674096:+@chr1:99679504|99679771:99679809:+	0.60	24.49	15	0	6	11
chr1:75191638:75191831:+@chr1:75192144|75192175:75192287:+	0.26	5.15	7	20	1	23
chr1:195023872:195024271:-@chr1:195021043|195021616:195021019:-	0.24	76.39	400	83	350	178
chr4:155596749:155596889:-@chr4:155596587|155596590:155596360:-	0.70	54.76	14	1	0	16
chr4:131530599:131530771:-@chr4:131523887|131523890:131523703:-	0.04	34.26	363	1	454	22
chr4:131885268:131885453:-@chr4:131881175|131881960:131881123:-	0.41	20.81	37	1	20	8
chr4:151396805:151396916:-@chr4:151396228|151396343:151396136:-	0.67	9.56	4	0	0	3
chr4:144508554:144508697:+@chr4:144509133|144509288:144509407:+	0.36	106.29	10	6	3	20
chr4:3866061:3866278:+@chr4:3866526|3866571:3866673:+	0.53	21.56	12	9	3	10
chr4:43462942:43463093:-@chr4:43462400|43462421:43462324:-	0.23	299.21	92	45	62	78
chr4:141349527:141349901:+@chr4:141352350|141352353:141352749:+	0.54	5241440177.83	92	1	31	29
chr4:131631117:131631207:-@chr4:131563336|131563353:131562873:-	0.34	7.41	116	470	96	797
chr4:65266020:65266103:+@chr4:65274163|65274166:65277274:+	0.52	8.03	87	10	28	126
chr14:41826915:41827060:-@chr14:41817492|41817509:41817330:-	0.47	9.47	12	1	2	9
chrX:98734407:98734526:+@chrX:98736099|98736162:98736340:+	0.32	9.83	31	5	31	25
chrX:136502735:136503138:-@chrX:136489521|136489593:136489446:-	0.47	488.95	50	0	35	26
chrX:65963759:65963954:+@chrX:65965406|65965481:65965588:+	0.29	7.26	112	19	71	72
chrX:71151496:71151558:-@chrX:71151202|71151232:71150990:-	0.25	2783.23	40	73	5	104
chrX:71163182:71163266:-@chrX:71162534|71162625:71162209:-	0.15	5.27	170	18	182	69
